property_url,mls,mls_id,status,text,style,street,unit,city,state,zip_code,beds,full_baths,half_baths,sqft,year_built,days_on_mls,list_price,list_date,sold_price,last_sold_date,lot_sqft,price_per_sqft,latitude,longitude,neighborhoods,county,fips_code,stories,hoa_fee,parking_garage,agent,broker,broker_phone,nearby_schools,primary_photo,alt_photos
https://www.realtor.com/realestateandhomes-detail/2558752480,SEWA,2312913,SOLD,"Discover the perfect getaway or investment opportunity in sought-after Jacobs Landing! This ground-floor, 2-bed condo is ideally situated in beautiful Birch Bay, just steps from the water. Whether you're looking for a vacation retreat, a rental property (short-term or long-term), or your new home, this unit offers incredible flexibility and charm. Turn-key convenience with all appliances included, plus in-unit washer and dryer. Resort-style amenities including pool, hot tub, clubhouse, basketball & tennis courts for year-round recreation. All in a prime location! Enjoy the best of Birch Bay living, close to the beach, restaurants, coffee shops, and the popular C Shop. Schedule your showing today and make this condo your coastal escape!",CONDOS,7806  Birch Bay Dr,Apt 807,Blaine,WA,98230,2,1,,870,1979,149,309000,2024-11-26,268000,2025-04-24,,308,48.925245,-122.742086,,Whatcom,53073,1,447,,,,,Blaine School District,http://ap.rdcpix.com/31fa2da5c95775a846a5267d5896109dl-m1009594291od-w480_h360_x2.webp?w=1080&q=75,"http://ap.rdcpix.com/31fa2da5c95775a846a5267d5896109dl-m1009594291od-w480_h360_x2.webp?w=1080&q=75, http://ap.rdcpix.com/31fa2da5c95775a846a5267d5896109dl-m3667384895od-w480_h360_x2.webp?w=1080&q=75, http://ap.rdcpix.com/31fa2da5c95775a846a5267d5896109dl-m860080912od-w480_h360_x2.webp?w=1080&q=75, http://ap.rdcpix.com/31fa2da5c95775a846a5267d5896109dl-m4011526210od-w480_h360_x2.webp?w=1080&q=75, http://ap.rdcpix.com/31fa2da5c95775a846a5267d5896109dl-m279771035od-w480_h360_x2.webp?w=1080&q=75, http://ap.rdcpix.com/31fa2da5c95775a846a5267d5896109dl-m2812180774od-w480_h360_x2.webp?w=1080&q=75, http://ap.rdcpix.com/31fa2da5c95775a846a5267d5896109dl-m230289867od-w480_h360_x2.webp?w=1080&q=75, http://ap.rdcpix.com/31fa2da5c95775a846a5267d5896109dl-m3639460592od-w480_h360_x2.webp?w=1080&q=75, http://ap.rdcpix.com/31fa2da5c95775a846a5267d5896109dl-m2765266778od-w480_h360_x2.webp?w=1080&q=75, http://ap.rdcpix.com/31fa2da5c95775a846a5267d5896109dl-m3948599761od-w480_h360_x2.webp?w=1080&q=75, http://ap.rdcpix.com/31fa2da5c95775a846a5267d5896109dl-m1979561093od-w480_h360_x2.webp?w=1080&q=75, http://ap.rdcpix.com/31fa2da5c95775a846a5267d5896109dl-m1514630036od-w480_h360_x2.webp?w=1080&q=75, http://ap.rdcpix.com/31fa2da5c95775a846a5267d5896109dl-m1118720628od-w480_h360_x2.webp?w=1080&q=75, http://ap.rdcpix.com/31fa2da5c95775a846a5267d5896109dl-m1762686821od-w480_h360_x2.webp?w=1080&q=75, http://ap.rdcpix.com/31fa2da5c95775a846a5267d5896109dl-m1951834565od-w480_h360_x2.webp?w=1080&q=75, http://ap.rdcpix.com/31fa2da5c95775a846a5267d5896109dl-m3769745098od-w480_h360_x2.webp?w=1080&q=75, http://ap.rdcpix.com/31fa2da5c95775a846a5267d5896109dl-m1930118604od-w480_h360_x2.webp?w=1080&q=75, http://ap.rdcpix.com/31fa2da5c95775a846a5267d5896109dl-m2789577505od-w480_h360_x2.webp?w=1080&q=75, http://ap.rdcpix.com/31fa2da5c95775a846a5267d5896109dl-m3802810881od-w480_h360_x2.webp?w=1080&q=75, http://ap.rdcpix.com/31fa2da5c95775a846a5267d5896109dl-m3148764358od-w480_h360_x2.webp?w=1080&q=75, http://ap.rdcpix.com/31fa2da5c95775a846a5267d5896109dl-m2685667685od-w480_h360_x2.webp?w=1080&q=75, http://ap.rdcpix.com/31fa2da5c95775a846a5267d5896109dl-m3010887809od-w480_h360_x2.webp?w=1080&q=75, http://ap.rdcpix.com/31fa2da5c95775a846a5267d5896109dl-m4197368592od-w480_h360_x2.webp?w=1080&q=75, http://ap.rdcpix.com/31fa2da5c95775a846a5267d5896109dl-m2448858341od-w480_h360_x2.webp?w=1080&q=75, http://ap.rdcpix.com/31fa2da5c95775a846a5267d5896109dl-m1319138888od-w480_h360_x2.webp?w=1080&q=75, http://ap.rdcpix.com/31fa2da5c95775a846a5267d5896109dl-m684278895od-w480_h360_x2.webp?w=1080&q=75, http://ap.rdcpix.com/31fa2da5c95775a846a5267d5896109dl-m1404320023od-w480_h360_x2.webp?w=1080&q=75, http://ap.rdcpix.com/31fa2da5c95775a846a5267d5896109dl-m1588175238od-w480_h360_x2.webp?w=1080&q=75, http://ap.rdcpix.com/31fa2da5c95775a846a5267d5896109dl-m2437526901od-w480_h360_x2.webp?w=1080&q=75, http://ap.rdcpix.com/31fa2da5c95775a846a5267d5896109dl-m618302320od-w480_h360_x2.webp?w=1080&q=75"
https://www.realtor.com/realestateandhomes-detail/1550077661,SEWA,2294042,SOLD,"Charming home in Birch Bay Village on a large lot, just under 12, 000 sqft, featuring a detached 2-car garage and workshop! This 2 bd home offers an open floor plan with a living room, family room, and a spacious kitchen with ample cupboard space. The primary bedroom boasts an ensuite with an oversized tub and separate shower. Recent updates include a new roof, furnace, and heat pump. With room to add your own personal touches, this home could become your perfect getaway, a comfortable full-time residence, or an addition to your investment portfoliorent it out now and build your dream home later. Enjoy the wonderful amenities of Birch Bay Village, including a marina, beaches, golf course, outdoor pool, and 24-hour manned security gate.",MOBILE,8257  Skeena Way,,Blaine,WA,98230,2,2,1,1440,1979,203,375000,2024-10-04,360000,2025-04-25,11970,250,48.9424,-122.794803,,Whatcom,53073,1,180,2,,,,Blaine School District,http://ap.rdcpix.com/01db6f7b8ee6c630c92917cc1f5df26bl-m646987764od-w480_h360_x2.webp?w=1080&q=75,"http://ap.rdcpix.com/01db6f7b8ee6c630c92917cc1f5df26bl-m646987764od-w480_h360_x2.webp?w=1080&q=75, http://ap.rdcpix.com/01db6f7b8ee6c630c92917cc1f5df26bl-m1088811547od-w480_h360_x2.webp?w=1080&q=75, http://ap.rdcpix.com/01db6f7b8ee6c630c92917cc1f5df26bl-m4024332462od-w480_h360_x2.webp?w=1080&q=75, http://ap.rdcpix.com/01db6f7b8ee6c630c92917cc1f5df26bl-m977501414od-w480_h360_x2.webp?w=1080&q=75, http://ap.rdcpix.com/01db6f7b8ee6c630c92917cc1f5df26bl-m3997672062od-w480_h360_x2.webp?w=1080&q=75, http://ap.rdcpix.com/01db6f7b8ee6c630c92917cc1f5df26bl-m2219676957od-w480_h360_x2.webp?w=1080&q=75, http://ap.rdcpix.com/01db6f7b8ee6c630c92917cc1f5df26bl-m228461732od-w480_h360_x2.webp?w=1080&q=75, http://ap.rdcpix.com/01db6f7b8ee6c630c92917cc1f5df26bl-m2170424561od-w480_h360_x2.webp?w=1080&q=75, http://ap.rdcpix.com/01db6f7b8ee6c630c92917cc1f5df26bl-m1584392659od-w480_h360_x2.webp?w=1080&q=75, http://ap.rdcpix.com/01db6f7b8ee6c630c92917cc1f5df26bl-m696050972od-w480_h360_x2.webp?w=1080&q=75, http://ap.rdcpix.com/01db6f7b8ee6c630c92917cc1f5df26bl-m1977148214od-w480_h360_x2.webp?w=1080&q=75, http://ap.rdcpix.com/01db6f7b8ee6c630c92917cc1f5df26bl-m3893981190od-w480_h360_x2.webp?w=1080&q=75, http://ap.rdcpix.com/01db6f7b8ee6c630c92917cc1f5df26bl-m196005108od-w480_h360_x2.webp?w=1080&q=75, http://ap.rdcpix.com/01db6f7b8ee6c630c92917cc1f5df26bl-m2526567771od-w480_h360_x2.webp?w=1080&q=75, http://ap.rdcpix.com/01db6f7b8ee6c630c92917cc1f5df26bl-m1099674786od-w480_h360_x2.webp?w=1080&q=75, http://ap.rdcpix.com/01db6f7b8ee6c630c92917cc1f5df26bl-m2129951421od-w480_h360_x2.webp?w=1080&q=75, http://ap.rdcpix.com/01db6f7b8ee6c630c92917cc1f5df26bl-m3941830796od-w480_h360_x2.webp?w=1080&q=75, http://ap.rdcpix.com/01db6f7b8ee6c630c92917cc1f5df26bl-m1990951504od-w480_h360_x2.webp?w=1080&q=75, http://ap.rdcpix.com/01db6f7b8ee6c630c92917cc1f5df26bl-m3377392331od-w480_h360_x2.webp?w=1080&q=75, http://ap.rdcpix.com/01db6f7b8ee6c630c92917cc1f5df26bl-m3644939104od-w480_h360_x2.webp?w=1080&q=75, http://ap.rdcpix.com/01db6f7b8ee6c630c92917cc1f5df26bl-m879736146od-w480_h360_x2.webp?w=1080&q=75, http://ap.rdcpix.com/01db6f7b8ee6c630c92917cc1f5df26bl-m3797388938od-w480_h360_x2.webp?w=1080&q=75, http://ap.rdcpix.com/01db6f7b8ee6c630c92917cc1f5df26bl-m1202046589od-w480_h360_x2.webp?w=1080&q=75, http://ap.rdcpix.com/01db6f7b8ee6c630c92917cc1f5df26bl-m2623412474od-w480_h360_x2.webp?w=1080&q=75, http://ap.rdcpix.com/01db6f7b8ee6c630c92917cc1f5df26bl-m1558972814od-w480_h360_x2.webp?w=1080&q=75, http://ap.rdcpix.com/01db6f7b8ee6c630c92917cc1f5df26bl-m361806205od-w480_h360_x2.webp?w=1080&q=75, http://ap.rdcpix.com/01db6f7b8ee6c630c92917cc1f5df26bl-m3836226865od-w480_h360_x2.webp?w=1080&q=75, http://ap.rdcpix.com/01db6f7b8ee6c630c92917cc1f5df26bl-m858900783od-w480_h360_x2.webp?w=1080&q=75, http://ap.rdcpix.com/01db6f7b8ee6c630c92917cc1f5df26bl-m570990151od-w480_h360_x2.webp?w=1080&q=75, http://ap.rdcpix.com/01db6f7b8ee6c630c92917cc1f5df26bl-m1437866896od-w480_h360_x2.webp?w=1080&q=75, http://ap.rdcpix.com/01db6f7b8ee6c630c92917cc1f5df26bl-m1440922387od-w480_h360_x2.webp?w=1080&q=75, http://ap.rdcpix.com/01db6f7b8ee6c630c92917cc1f5df26bl-m3892479045od-w480_h360_x2.webp?w=1080&q=75"
https://www.realtor.com/realestateandhomes-detail/2820788918,SEWA,2345528,SOLD,"Discover a rare waterfront retreat with a private sandy beach and owned tidelands. This unique property features two separate homesa green home with a sleeping loft and a charming red house complete with solar and three bedrooms and one bathroom. Perfect for guests! The lush landscape boasts a linear orchard, new raised garden beds, and a variety of fruit trees, including quince, apple, cherry, plum, peach, and two walnut trees with a total of 22 fruit trees. With garden irrigation and space to grow, this property is a gardeners paradise. Each home has its own well and septic. Enjoy nature, sustainability, and the best of waterfront living!",SINGLE_FAMILY,2826 W Shore Dr,,Lummi Island,WA,98262,4,1,,2712,1996,39,1350000,2025-03-17,1350000,2025-04-25,74488,498,48.744723,-122.716224,,Whatcom,53073,1,0,,,,,"Lummi High School, Lummi Elementary School, Ferndale School District",http://ap.rdcpix.com/bf01b2eea869c280b81401dfa82bb037l-m982489501od-w480_h360_x2.webp?w=1080&q=75,"http://ap.rdcpix.com/bf01b2eea869c280b81401dfa82bb037l-m982489501od-w480_h360_x2.webp?w=1080&q=75, http://ap.rdcpix.com/bf01b2eea869c280b81401dfa82bb037l-m2847110280od-w480_h360_x2.webp?w=1080&q=75, http://ap.rdcpix.com/bf01b2eea869c280b81401dfa82bb037l-m74069076od-w480_h360_x2.webp?w=1080&q=75, http://ap.rdcpix.com/bf01b2eea869c280b81401dfa82bb037l-m2475068681od-w480_h360_x2.webp?w=1080&q=75, http://ap.rdcpix.com/bf01b2eea869c280b81401dfa82bb037l-m1752669738od-w480_h360_x2.webp?w=1080&q=75, http://ap.rdcpix.com/bf01b2eea869c280b81401dfa82bb037l-m2137218512od-w480_h360_x2.webp?w=1080&q=75, http://ap.rdcpix.com/bf01b2eea869c280b81401dfa82bb037l-m2598195751od-w480_h360_x2.webp?w=1080&q=75, http://ap.rdcpix.com/bf01b2eea869c280b81401dfa82bb037l-m23210032od-w480_h360_x2.webp?w=1080&q=75, http://ap.rdcpix.com/bf01b2eea869c280b81401dfa82bb037l-m2876139388od-w480_h360_x2.webp?w=1080&q=75, http://ap.rdcpix.com/bf01b2eea869c280b81401dfa82bb037l-m2832119262od-w480_h360_x2.webp?w=1080&q=75, http://ap.rdcpix.com/bf01b2eea869c280b81401dfa82bb037l-m323228507od-w480_h360_x2.webp?w=1080&q=75, http://ap.rdcpix.com/bf01b2eea869c280b81401dfa82bb037l-m2606118228od-w480_h360_x2.webp?w=1080&q=75, http://ap.rdcpix.com/bf01b2eea869c280b81401dfa82bb037l-m4218127258od-w480_h360_x2.webp?w=1080&q=75, http://ap.rdcpix.com/bf01b2eea869c280b81401dfa82bb037l-m780940316od-w480_h360_x2.webp?w=1080&q=75, http://ap.rdcpix.com/bf01b2eea869c280b81401dfa82bb037l-m1657332007od-w480_h360_x2.webp?w=1080&q=75, http://ap.rdcpix.com/bf01b2eea869c280b81401dfa82bb037l-m2449676307od-w480_h360_x2.webp?w=1080&q=75, http://ap.rdcpix.com/bf01b2eea869c280b81401dfa82bb037l-m2769250784od-w480_h360_x2.webp?w=1080&q=75, http://ap.rdcpix.com/bf01b2eea869c280b81401dfa82bb037l-m1875068900od-w480_h360_x2.webp?w=1080&q=75, http://ap.rdcpix.com/bf01b2eea869c280b81401dfa82bb037l-m56004153od-w480_h360_x2.webp?w=1080&q=75, http://ap.rdcpix.com/bf01b2eea869c280b81401dfa82bb037l-m874300828od-w480_h360_x2.webp?w=1080&q=75, http://ap.rdcpix.com/bf01b2eea869c280b81401dfa82bb037l-m1965372650od-w480_h360_x2.webp?w=1080&q=75, http://ap.rdcpix.com/bf01b2eea869c280b81401dfa82bb037l-m1868411053od-w480_h360_x2.webp?w=1080&q=75, http://ap.rdcpix.com/bf01b2eea869c280b81401dfa82bb037l-m2911999393od-w480_h360_x2.webp?w=1080&q=75, http://ap.rdcpix.com/bf01b2eea869c280b81401dfa82bb037l-m4118892062od-w480_h360_x2.webp?w=1080&q=75, http://ap.rdcpix.com/bf01b2eea869c280b81401dfa82bb037l-m1061828612od-w480_h360_x2.webp?w=1080&q=75, http://ap.rdcpix.com/bf01b2eea869c280b81401dfa82bb037l-m1949015512od-w480_h360_x2.webp?w=1080&q=75, http://ap.rdcpix.com/bf01b2eea869c280b81401dfa82bb037l-m923911085od-w480_h360_x2.webp?w=1080&q=75, http://ap.rdcpix.com/bf01b2eea869c280b81401dfa82bb037l-m834662781od-w480_h360_x2.webp?w=1080&q=75, http://ap.rdcpix.com/bf01b2eea869c280b81401dfa82bb037l-m4054620450od-w480_h360_x2.webp?w=1080&q=75, http://ap.rdcpix.com/bf01b2eea869c280b81401dfa82bb037l-m2527738903od-w480_h360_x2.webp?w=1080&q=75, http://ap.rdcpix.com/bf01b2eea869c280b81401dfa82bb037l-m1525960217od-w480_h360_x2.webp?w=1080&q=75, http://ap.rdcpix.com/bf01b2eea869c280b81401dfa82bb037l-m1481393564od-w480_h360_x2.webp?w=1080&q=75, http://ap.rdcpix.com/bf01b2eea869c280b81401dfa82bb037l-m4257006601od-w480_h360_x2.webp?w=1080&q=75, http://ap.rdcpix.com/bf01b2eea869c280b81401dfa82bb037l-m1712571511od-w480_h360_x2.webp?w=1080&q=75, http://ap.rdcpix.com/bf01b2eea869c280b81401dfa82bb037l-m1835824642od-w480_h360_x2.webp?w=1080&q=75, http://ap.rdcpix.com/bf01b2eea869c280b81401dfa82bb037l-m2391550746od-w480_h360_x2.webp?w=1080&q=75, http://ap.rdcpix.com/bf01b2eea869c280b81401dfa82bb037l-m116810904od-w480_h360_x2.webp?w=1080&q=75, http://ap.rdcpix.com/bf01b2eea869c280b81401dfa82bb037l-m1952954662od-w480_h360_x2.webp?w=1080&q=75, http://ap.rdcpix.com/bf01b2eea869c280b81401dfa82bb037l-m1518929962od-w480_h360_x2.webp?w=1080&q=75, http://ap.rdcpix.com/bf01b2eea869c280b81401dfa82bb037l-m3292159082od-w480_h360_x2.webp?w=1080&q=75"
https://www.realtor.com/realestateandhomes-detail/1939220708,SEWA,2339461,SOLD,"Charming craftsman style home with welcoming front porch is in pristine condition & has been lovingly cared for. Great Room opens to a covered back deck with just enough lawn to call your own--but with limited upkeep. Comfortable, efficient kitchen open to casual dining space. It's all about live-ability--this home will serve you well! Rich craftmanship, lots of detailed upgrades, hardwood floors, detailed trim, wood blinds, granite, stainless appliances, jetted tub, WI primary closet, central vac, sprinklers & air conditioning! Could you possibly ask for more? How about extra storage and an oversized garage--two private guest suites with shared open loft & small office. An exceptional use of space. Close to the golf club & walking trails.",SINGLE_FAMILY,8629  Blue Grouse Way,,Blaine,WA,98230,3,2,1,2139,2004,49,829000,2025-03-07,822000,2025-04-25,8276,384,48.955614,-122.777502,,Whatcom,53073,2,139,2,,,,Blaine School District,http://ap.rdcpix.com/c97a74454831ce60ec766bb329e83282l-m4220589495od-w480_h360_x2.webp?w=1080&q=75,"http://ap.rdcpix.com/c97a74454831ce60ec766bb329e83282l-m4220589495od-w480_h360_x2.webp?w=1080&q=75, http://ap.rdcpix.com/c97a74454831ce60ec766bb329e83282l-m574461235od-w480_h360_x2.webp?w=1080&q=75, http://ap.rdcpix.com/c97a74454831ce60ec766bb329e83282l-m2055872004od-w480_h360_x2.webp?w=1080&q=75, http://ap.rdcpix.com/c97a74454831ce60ec766bb329e83282l-m1622426057od-w480_h360_x2.webp?w=1080&q=75, http://ap.rdcpix.com/c97a74454831ce60ec766bb329e83282l-m2107228068od-w480_h360_x2.webp?w=1080&q=75, http://ap.rdcpix.com/c97a74454831ce60ec766bb329e83282l-m626231039od-w480_h360_x2.webp?w=1080&q=75, http://ap.rdcpix.com/c97a74454831ce60ec766bb329e83282l-m1285881765od-w480_h360_x2.webp?w=1080&q=75, http://ap.rdcpix.com/c97a74454831ce60ec766bb329e83282l-m4258019721od-w480_h360_x2.webp?w=1080&q=75, http://ap.rdcpix.com/c97a74454831ce60ec766bb329e83282l-m2455887329od-w480_h360_x2.webp?w=1080&q=75, http://ap.rdcpix.com/c97a74454831ce60ec766bb329e83282l-m1583985595od-w480_h360_x2.webp?w=1080&q=75, http://ap.rdcpix.com/c97a74454831ce60ec766bb329e83282l-m1989377485od-w480_h360_x2.webp?w=1080&q=75, http://ap.rdcpix.com/c97a74454831ce60ec766bb329e83282l-m3823804371od-w480_h360_x2.webp?w=1080&q=75, http://ap.rdcpix.com/c97a74454831ce60ec766bb329e83282l-m3400791442od-w480_h360_x2.webp?w=1080&q=75, http://ap.rdcpix.com/c97a74454831ce60ec766bb329e83282l-m1187764894od-w480_h360_x2.webp?w=1080&q=75, http://ap.rdcpix.com/c97a74454831ce60ec766bb329e83282l-m431386065od-w480_h360_x2.webp?w=1080&q=75, http://ap.rdcpix.com/c97a74454831ce60ec766bb329e83282l-m3499231744od-w480_h360_x2.webp?w=1080&q=75, http://ap.rdcpix.com/c97a74454831ce60ec766bb329e83282l-m4031660960od-w480_h360_x2.webp?w=1080&q=75, http://ap.rdcpix.com/c97a74454831ce60ec766bb329e83282l-m1222053004od-w480_h360_x2.webp?w=1080&q=75, http://ap.rdcpix.com/c97a74454831ce60ec766bb329e83282l-m3838867981od-w480_h360_x2.webp?w=1080&q=75, http://ap.rdcpix.com/c97a74454831ce60ec766bb329e83282l-m2463458101od-w480_h360_x2.webp?w=1080&q=75, http://ap.rdcpix.com/c97a74454831ce60ec766bb329e83282l-m1219646137od-w480_h360_x2.webp?w=1080&q=75, http://ap.rdcpix.com/c97a74454831ce60ec766bb329e83282l-m1393824318od-w480_h360_x2.webp?w=1080&q=75, http://ap.rdcpix.com/c97a74454831ce60ec766bb329e83282l-m2573567819od-w480_h360_x2.webp?w=1080&q=75, http://ap.rdcpix.com/c97a74454831ce60ec766bb329e83282l-m1103300932od-w480_h360_x2.webp?w=1080&q=75, http://ap.rdcpix.com/c97a74454831ce60ec766bb329e83282l-m1773399081od-w480_h360_x2.webp?w=1080&q=75, http://ap.rdcpix.com/c97a74454831ce60ec766bb329e83282l-m3896849421od-w480_h360_x2.webp?w=1080&q=75, http://ap.rdcpix.com/c97a74454831ce60ec766bb329e83282l-m1907431604od-w480_h360_x2.webp?w=1080&q=75, http://ap.rdcpix.com/c97a74454831ce60ec766bb329e83282l-m1472864380od-w480_h360_x2.webp?w=1080&q=75, http://ap.rdcpix.com/c97a74454831ce60ec766bb329e83282l-m978844737od-w480_h360_x2.webp?w=1080&q=75, http://ap.rdcpix.com/c97a74454831ce60ec766bb329e83282l-m904407699od-w480_h360_x2.webp?w=1080&q=75, http://ap.rdcpix.com/c97a74454831ce60ec766bb329e83282l-m4214257971od-w480_h360_x2.webp?w=1080&q=75, http://ap.rdcpix.com/c97a74454831ce60ec766bb329e83282l-m57848371od-w480_h360_x2.webp?w=1080&q=75, http://ap.rdcpix.com/c97a74454831ce60ec766bb329e83282l-m1472923770od-w480_h360_x2.webp?w=1080&q=75, http://ap.rdcpix.com/c97a74454831ce60ec766bb329e83282l-m1341751231od-w480_h360_x2.webp?w=1080&q=75, http://ap.rdcpix.com/c97a74454831ce60ec766bb329e83282l-m2908979134od-w480_h360_x2.webp?w=1080&q=75, http://ap.rdcpix.com/c97a74454831ce60ec766bb329e83282l-m3213364541od-w480_h360_x2.webp?w=1080&q=75"
https://www.realtor.com/realestateandhomes-detail/1547491239,SEWA,2335576,SOLD,"Welcome home! This well loved 3-bedroom, 2 full bath home in Malloy Village has been meticulously cared for since it was built in 2007. The 1, 470 sq. ft. layout features a bright living space, a functional kitchen, and a primary suite with a private bath. Two additional bedrooms provide flexibility for guests, work, or hobbies. Enjoy the privacy of the greenbelt backyard with a large deck for Summer BBQs. This home also offers an attached garage and a prime location near parks, schools, and downtown Ferndale amenities. Easy access to I-5 makes commuting a breeze!",SINGLE_FAMILY,2093  Calico Loop,,Ferndale,WA,98248,3,2,,1430,2007,50,575000,2025-03-06,575000,2025-04-25,4356,402,48.869203,-122.594193,,Whatcom,53073,1,145,2,,,,Ferndale School District,http://ap.rdcpix.com/4346d5b8c49e9d9ce3d5fb38cc793edfl-m1938865083od-w480_h360_x2.webp?w=1080&q=75,"http://ap.rdcpix.com/4346d5b8c49e9d9ce3d5fb38cc793edfl-m1938865083od-w480_h360_x2.webp?w=1080&q=75, http://ap.rdcpix.com/4346d5b8c49e9d9ce3d5fb38cc793edfl-m3515288758od-w480_h360_x2.webp?w=1080&q=75, http://ap.rdcpix.com/4346d5b8c49e9d9ce3d5fb38cc793edfl-m1036677016od-w480_h360_x2.webp?w=1080&q=75, http://ap.rdcpix.com/4346d5b8c49e9d9ce3d5fb38cc793edfl-m3761263287od-w480_h360_x2.webp?w=1080&q=75, http://ap.rdcpix.com/4346d5b8c49e9d9ce3d5fb38cc793edfl-m3654010143od-w480_h360_x2.webp?w=1080&q=75, http://ap.rdcpix.com/4346d5b8c49e9d9ce3d5fb38cc793edfl-m1054882957od-w480_h360_x2.webp?w=1080&q=75, http://ap.rdcpix.com/4346d5b8c49e9d9ce3d5fb38cc793edfl-m1533497407od-w480_h360_x2.webp?w=1080&q=75, http://ap.rdcpix.com/4346d5b8c49e9d9ce3d5fb38cc793edfl-m10600901od-w480_h360_x2.webp?w=1080&q=75, http://ap.rdcpix.com/4346d5b8c49e9d9ce3d5fb38cc793edfl-m1608326281od-w480_h360_x2.webp?w=1080&q=75, http://ap.rdcpix.com/4346d5b8c49e9d9ce3d5fb38cc793edfl-m297879307od-w480_h360_x2.webp?w=1080&q=75, http://ap.rdcpix.com/4346d5b8c49e9d9ce3d5fb38cc793edfl-m3276225291od-w480_h360_x2.webp?w=1080&q=75, http://ap.rdcpix.com/4346d5b8c49e9d9ce3d5fb38cc793edfl-m169109017od-w480_h360_x2.webp?w=1080&q=75, http://ap.rdcpix.com/4346d5b8c49e9d9ce3d5fb38cc793edfl-m1833041153od-w480_h360_x2.webp?w=1080&q=75, http://ap.rdcpix.com/4346d5b8c49e9d9ce3d5fb38cc793edfl-m2603391713od-w480_h360_x2.webp?w=1080&q=75, http://ap.rdcpix.com/4346d5b8c49e9d9ce3d5fb38cc793edfl-m398301819od-w480_h360_x2.webp?w=1080&q=75, http://ap.rdcpix.com/4346d5b8c49e9d9ce3d5fb38cc793edfl-m4027421817od-w480_h360_x2.webp?w=1080&q=75, http://ap.rdcpix.com/4346d5b8c49e9d9ce3d5fb38cc793edfl-m237971978od-w480_h360_x2.webp?w=1080&q=75, http://ap.rdcpix.com/4346d5b8c49e9d9ce3d5fb38cc793edfl-m1461964281od-w480_h360_x2.webp?w=1080&q=75, http://ap.rdcpix.com/4346d5b8c49e9d9ce3d5fb38cc793edfl-m1017343401od-w480_h360_x2.webp?w=1080&q=75, http://ap.rdcpix.com/4346d5b8c49e9d9ce3d5fb38cc793edfl-m3309726432od-w480_h360_x2.webp?w=1080&q=75, http://ap.rdcpix.com/4346d5b8c49e9d9ce3d5fb38cc793edfl-m1785292266od-w480_h360_x2.webp?w=1080&q=75, http://ap.rdcpix.com/4346d5b8c49e9d9ce3d5fb38cc793edfl-m3754815970od-w480_h360_x2.webp?w=1080&q=75, http://ap.rdcpix.com/4346d5b8c49e9d9ce3d5fb38cc793edfl-m995388092od-w480_h360_x2.webp?w=1080&q=75"
https://www.realtor.com/realestateandhomes-detail/1534185402,SEWA,2329387,SOLD,"Rare opportunity to own a historic live-work space in the charming Lettered Streets neighborhood in downtown Bellingham. Boasting high ceilings, a beautifully renovated kitchen and impressive landscaping in the courtyard, this 3 bed residence also features a separate entrance to a suite which includes two offices and a half bath. Flexible, circular floor plan means that this suite could be integrated into the home or rented out separately. It was mostly recently rented by a chiropractor. Public EV charging station can bring in additional monthly income. Zoned residential multi with future development opportunity!",SINGLE_FAMILY,1012  Dupont St,,Bellingham,WA,98225,3,,1,2011,1897,80,749500,2025-02-04,737400,2025-04-25,4792,367,48.757696,-122.484904,Lettered Streets,Whatcom,53073,2,0,,,,,"Bellingham Public Schools, Northwest Educational Service District 189",http://ap.rdcpix.com/612a351de0872648a94dd1bef6e390fcl-m2954146618od-w480_h360_x2.webp?w=1080&q=75,"http://ap.rdcpix.com/612a351de0872648a94dd1bef6e390fcl-m2954146618od-w480_h360_x2.webp?w=1080&q=75, http://ap.rdcpix.com/612a351de0872648a94dd1bef6e390fcl-m48292238od-w480_h360_x2.webp?w=1080&q=75, http://ap.rdcpix.com/612a351de0872648a94dd1bef6e390fcl-m3703519008od-w480_h360_x2.webp?w=1080&q=75, http://ap.rdcpix.com/612a351de0872648a94dd1bef6e390fcl-m784201284od-w480_h360_x2.webp?w=1080&q=75, http://ap.rdcpix.com/612a351de0872648a94dd1bef6e390fcl-m2883096164od-w480_h360_x2.webp?w=1080&q=75, http://ap.rdcpix.com/612a351de0872648a94dd1bef6e390fcl-m3216184149od-w480_h360_x2.webp?w=1080&q=75, http://ap.rdcpix.com/612a351de0872648a94dd1bef6e390fcl-m3551197819od-w480_h360_x2.webp?w=1080&q=75, http://ap.rdcpix.com/612a351de0872648a94dd1bef6e390fcl-m2648236102od-w480_h360_x2.webp?w=1080&q=75, http://ap.rdcpix.com/612a351de0872648a94dd1bef6e390fcl-m2645056475od-w480_h360_x2.webp?w=1080&q=75, http://ap.rdcpix.com/612a351de0872648a94dd1bef6e390fcl-m1554554954od-w480_h360_x2.webp?w=1080&q=75, http://ap.rdcpix.com/612a351de0872648a94dd1bef6e390fcl-m1683947127od-w480_h360_x2.webp?w=1080&q=75, http://ap.rdcpix.com/612a351de0872648a94dd1bef6e390fcl-m1570468124od-w480_h360_x2.webp?w=1080&q=75, http://ap.rdcpix.com/612a351de0872648a94dd1bef6e390fcl-m4031035083od-w480_h360_x2.webp?w=1080&q=75, http://ap.rdcpix.com/612a351de0872648a94dd1bef6e390fcl-m37095417od-w480_h360_x2.webp?w=1080&q=75, http://ap.rdcpix.com/612a351de0872648a94dd1bef6e390fcl-m1897815102od-w480_h360_x2.webp?w=1080&q=75, http://ap.rdcpix.com/612a351de0872648a94dd1bef6e390fcl-m168886600od-w480_h360_x2.webp?w=1080&q=75, http://ap.rdcpix.com/612a351de0872648a94dd1bef6e390fcl-m1906471968od-w480_h360_x2.webp?w=1080&q=75, http://ap.rdcpix.com/612a351de0872648a94dd1bef6e390fcl-m2946098636od-w480_h360_x2.webp?w=1080&q=75, http://ap.rdcpix.com/612a351de0872648a94dd1bef6e390fcl-m1081080019od-w480_h360_x2.webp?w=1080&q=75, http://ap.rdcpix.com/612a351de0872648a94dd1bef6e390fcl-m91391145od-w480_h360_x2.webp?w=1080&q=75, http://ap.rdcpix.com/612a351de0872648a94dd1bef6e390fcl-m1200786666od-w480_h360_x2.webp?w=1080&q=75, http://ap.rdcpix.com/612a351de0872648a94dd1bef6e390fcl-m3492052744od-w480_h360_x2.webp?w=1080&q=75, http://ap.rdcpix.com/612a351de0872648a94dd1bef6e390fcl-m1931135388od-w480_h360_x2.webp?w=1080&q=75, http://ap.rdcpix.com/612a351de0872648a94dd1bef6e390fcl-m2619090027od-w480_h360_x2.webp?w=1080&q=75, http://ap.rdcpix.com/612a351de0872648a94dd1bef6e390fcl-m1037539326od-w480_h360_x2.webp?w=1080&q=75, http://ap.rdcpix.com/612a351de0872648a94dd1bef6e390fcl-m1267332069od-w480_h360_x2.webp?w=1080&q=75, http://ap.rdcpix.com/612a351de0872648a94dd1bef6e390fcl-m2017313390od-w480_h360_x2.webp?w=1080&q=75, http://ap.rdcpix.com/612a351de0872648a94dd1bef6e390fcl-m1459891403od-w480_h360_x2.webp?w=1080&q=75, http://ap.rdcpix.com/612a351de0872648a94dd1bef6e390fcl-m551563140od-w480_h360_x2.webp?w=1080&q=75, http://ap.rdcpix.com/612a351de0872648a94dd1bef6e390fcl-m2977469848od-w480_h360_x2.webp?w=1080&q=75, http://ap.rdcpix.com/612a351de0872648a94dd1bef6e390fcl-m4027086832od-w480_h360_x2.webp?w=1080&q=75, http://ap.rdcpix.com/612a351de0872648a94dd1bef6e390fcl-m1149711410od-w480_h360_x2.webp?w=1080&q=75, http://ap.rdcpix.com/612a351de0872648a94dd1bef6e390fcl-m1013603425od-w480_h360_x2.webp?w=1080&q=75, http://ap.rdcpix.com/612a351de0872648a94dd1bef6e390fcl-m182101646od-w480_h360_x2.webp?w=1080&q=75"
https://www.realtor.com/realestateandhomes-detail/1731923933,SEWA,2319972,SOLD,"Welcome to the Meadows! One of Ferndales most desirable neighborhoods. This 4-bed, 2.5-bath home is bright & inviting, with an open-concept living space, vaulted ceilings, large windows, and a cozy fireplace. Main level includes a private office (4th bedroom). Upstairs offers 3 spacious bedrooms. The primary suite has a generously sized soaking tub and lovely views of green space. On a very desirable cul-de-sac, offering a community trail, 2+ car garage with ample storage, and fully fenced backyard. New carpeting. Immediate proximity to elementary & middle schools. The Meadows is fully built out, so no surprises as to what will be built next door and no months long construction noise as other homes are built. All thats missing is you!",SINGLE_FAMILY,2761  Jessie Ct,,Ferndale,WA,98248,4,2,1,2100,2017,107,708500,2025-01-07,705000,2025-04-24,6534,336,48.86026,-122.630965,,Whatcom,53073,2,85,2,,,,Ferndale School District,http://ap.rdcpix.com/6f9baf90b2896b324e243ba21827ab78l-m1251659674od-w480_h360_x2.webp?w=1080&q=75,"http://ap.rdcpix.com/6f9baf90b2896b324e243ba21827ab78l-m1251659674od-w480_h360_x2.webp?w=1080&q=75, http://ap.rdcpix.com/6f9baf90b2896b324e243ba21827ab78l-m3571807194od-w480_h360_x2.webp?w=1080&q=75, http://ap.rdcpix.com/6f9baf90b2896b324e243ba21827ab78l-m3150444169od-w480_h360_x2.webp?w=1080&q=75, http://ap.rdcpix.com/6f9baf90b2896b324e243ba21827ab78l-m1442780082od-w480_h360_x2.webp?w=1080&q=75, http://ap.rdcpix.com/6f9baf90b2896b324e243ba21827ab78l-m1717366761od-w480_h360_x2.webp?w=1080&q=75, http://ap.rdcpix.com/6f9baf90b2896b324e243ba21827ab78l-m2488291484od-w480_h360_x2.webp?w=1080&q=75, http://ap.rdcpix.com/6f9baf90b2896b324e243ba21827ab78l-m4114618765od-w480_h360_x2.webp?w=1080&q=75, http://ap.rdcpix.com/6f9baf90b2896b324e243ba21827ab78l-m1815607924od-w480_h360_x2.webp?w=1080&q=75, http://ap.rdcpix.com/6f9baf90b2896b324e243ba21827ab78l-m1977792378od-w480_h360_x2.webp?w=1080&q=75, http://ap.rdcpix.com/6f9baf90b2896b324e243ba21827ab78l-m3419374180od-w480_h360_x2.webp?w=1080&q=75, http://ap.rdcpix.com/6f9baf90b2896b324e243ba21827ab78l-m1307578060od-w480_h360_x2.webp?w=1080&q=75, http://ap.rdcpix.com/6f9baf90b2896b324e243ba21827ab78l-m3434929928od-w480_h360_x2.webp?w=1080&q=75, http://ap.rdcpix.com/6f9baf90b2896b324e243ba21827ab78l-m15208361od-w480_h360_x2.webp?w=1080&q=75, http://ap.rdcpix.com/6f9baf90b2896b324e243ba21827ab78l-m34625878od-w480_h360_x2.webp?w=1080&q=75, http://ap.rdcpix.com/6f9baf90b2896b324e243ba21827ab78l-m166970984od-w480_h360_x2.webp?w=1080&q=75, http://ap.rdcpix.com/6f9baf90b2896b324e243ba21827ab78l-m217854381od-w480_h360_x2.webp?w=1080&q=75, http://ap.rdcpix.com/6f9baf90b2896b324e243ba21827ab78l-m4279713233od-w480_h360_x2.webp?w=1080&q=75, http://ap.rdcpix.com/6f9baf90b2896b324e243ba21827ab78l-m55620556od-w480_h360_x2.webp?w=1080&q=75, http://ap.rdcpix.com/6f9baf90b2896b324e243ba21827ab78l-m966625515od-w480_h360_x2.webp?w=1080&q=75, http://ap.rdcpix.com/6f9baf90b2896b324e243ba21827ab78l-m1851541004od-w480_h360_x2.webp?w=1080&q=75, http://ap.rdcpix.com/6f9baf90b2896b324e243ba21827ab78l-m127206006od-w480_h360_x2.webp?w=1080&q=75, http://ap.rdcpix.com/6f9baf90b2896b324e243ba21827ab78l-m2946768241od-w480_h360_x2.webp?w=1080&q=75, http://ap.rdcpix.com/6f9baf90b2896b324e243ba21827ab78l-m1520579796od-w480_h360_x2.webp?w=1080&q=75, http://ap.rdcpix.com/6f9baf90b2896b324e243ba21827ab78l-m3339740997od-w480_h360_x2.webp?w=1080&q=75, http://ap.rdcpix.com/6f9baf90b2896b324e243ba21827ab78l-m65679763od-w480_h360_x2.webp?w=1080&q=75, http://ap.rdcpix.com/6f9baf90b2896b324e243ba21827ab78l-m3523732178od-w480_h360_x2.webp?w=1080&q=75, http://ap.rdcpix.com/6f9baf90b2896b324e243ba21827ab78l-m3605656718od-w480_h360_x2.webp?w=1080&q=75, http://ap.rdcpix.com/6f9baf90b2896b324e243ba21827ab78l-m1537070289od-w480_h360_x2.webp?w=1080&q=75, http://ap.rdcpix.com/6f9baf90b2896b324e243ba21827ab78l-m3649043650od-w480_h360_x2.webp?w=1080&q=75, http://ap.rdcpix.com/6f9baf90b2896b324e243ba21827ab78l-m1813837806od-w480_h360_x2.webp?w=1080&q=75, http://ap.rdcpix.com/6f9baf90b2896b324e243ba21827ab78l-m4072509876od-w480_h360_x2.webp?w=1080&q=75"
https://www.realtor.com/realestateandhomes-detail/1779030868,SEWA,2329488,SOLD,"Spectacular Edgemoor single-level, water view nest, situated a minute above the romantic Fairhaven community. Exceptional private backyard and dynamic touches throughout this luxurious 3-bedroom rambler above Bellingham Bay, moments from everything the city has to offer. Rare opportunity for premier Whatcom luxury community, with cruise ships & sunsets on your horizon. Extraordinary setting offers convenience moments away from award-winning restaurants, cozy cafes, eclectic shopping adventures, grocery stores, Fairhaven Library and St. Joseph's Medical Center. Rare price point for this legendary, high-end community of upscale properties along the Bellingham waterfront. Live the dream at half the cost. Serenity above a truly commanding view!",SINGLE_FAMILY,107  Bayside Rd,,Bellingham,WA,98225,3,2,,1884,1954,32,1200000,2025-03-24,1365000,2025-04-25,9148,725,48.714346,-122.506826,Edgemoor,Whatcom,53073,1,0,1,,,,Bellingham Public Schools,http://ap.rdcpix.com/1859f0a3ce05e0d96230c4a1e9a31c8fl-m130324990od-w480_h360_x2.webp?w=1080&q=75,"http://ap.rdcpix.com/1859f0a3ce05e0d96230c4a1e9a31c8fl-m130324990od-w480_h360_x2.webp?w=1080&q=75, http://ap.rdcpix.com/1859f0a3ce05e0d96230c4a1e9a31c8fl-m1405518426od-w480_h360_x2.webp?w=1080&q=75, http://ap.rdcpix.com/1859f0a3ce05e0d96230c4a1e9a31c8fl-m3100179627od-w480_h360_x2.webp?w=1080&q=75, http://ap.rdcpix.com/1859f0a3ce05e0d96230c4a1e9a31c8fl-m2776346915od-w480_h360_x2.webp?w=1080&q=75, http://ap.rdcpix.com/1859f0a3ce05e0d96230c4a1e9a31c8fl-m1301874379od-w480_h360_x2.webp?w=1080&q=75, http://ap.rdcpix.com/1859f0a3ce05e0d96230c4a1e9a31c8fl-m2863248993od-w480_h360_x2.webp?w=1080&q=75, http://ap.rdcpix.com/1859f0a3ce05e0d96230c4a1e9a31c8fl-m1353631196od-w480_h360_x2.webp?w=1080&q=75, http://ap.rdcpix.com/1859f0a3ce05e0d96230c4a1e9a31c8fl-m1240982641od-w480_h360_x2.webp?w=1080&q=75, http://ap.rdcpix.com/1859f0a3ce05e0d96230c4a1e9a31c8fl-m2403896307od-w480_h360_x2.webp?w=1080&q=75, http://ap.rdcpix.com/1859f0a3ce05e0d96230c4a1e9a31c8fl-m2365692170od-w480_h360_x2.webp?w=1080&q=75, http://ap.rdcpix.com/1859f0a3ce05e0d96230c4a1e9a31c8fl-m1308927946od-w480_h360_x2.webp?w=1080&q=75, http://ap.rdcpix.com/1859f0a3ce05e0d96230c4a1e9a31c8fl-m1708165085od-w480_h360_x2.webp?w=1080&q=75, http://ap.rdcpix.com/1859f0a3ce05e0d96230c4a1e9a31c8fl-m142172593od-w480_h360_x2.webp?w=1080&q=75, http://ap.rdcpix.com/1859f0a3ce05e0d96230c4a1e9a31c8fl-m3001861052od-w480_h360_x2.webp?w=1080&q=75, http://ap.rdcpix.com/1859f0a3ce05e0d96230c4a1e9a31c8fl-m3882229484od-w480_h360_x2.webp?w=1080&q=75, http://ap.rdcpix.com/1859f0a3ce05e0d96230c4a1e9a31c8fl-m3556576731od-w480_h360_x2.webp?w=1080&q=75, http://ap.rdcpix.com/1859f0a3ce05e0d96230c4a1e9a31c8fl-m1582865692od-w480_h360_x2.webp?w=1080&q=75, http://ap.rdcpix.com/1859f0a3ce05e0d96230c4a1e9a31c8fl-m1303674875od-w480_h360_x2.webp?w=1080&q=75, http://ap.rdcpix.com/1859f0a3ce05e0d96230c4a1e9a31c8fl-m1678977242od-w480_h360_x2.webp?w=1080&q=75, http://ap.rdcpix.com/1859f0a3ce05e0d96230c4a1e9a31c8fl-m2881036158od-w480_h360_x2.webp?w=1080&q=75, http://ap.rdcpix.com/1859f0a3ce05e0d96230c4a1e9a31c8fl-m3008872983od-w480_h360_x2.webp?w=1080&q=75, http://ap.rdcpix.com/1859f0a3ce05e0d96230c4a1e9a31c8fl-m2363459434od-w480_h360_x2.webp?w=1080&q=75, http://ap.rdcpix.com/1859f0a3ce05e0d96230c4a1e9a31c8fl-m1965782465od-w480_h360_x2.webp?w=1080&q=75, http://ap.rdcpix.com/1859f0a3ce05e0d96230c4a1e9a31c8fl-m2360580741od-w480_h360_x2.webp?w=1080&q=75, http://ap.rdcpix.com/1859f0a3ce05e0d96230c4a1e9a31c8fl-m3745186080od-w480_h360_x2.webp?w=1080&q=75, http://ap.rdcpix.com/1859f0a3ce05e0d96230c4a1e9a31c8fl-m1966165240od-w480_h360_x2.webp?w=1080&q=75, http://ap.rdcpix.com/1859f0a3ce05e0d96230c4a1e9a31c8fl-m3595851995od-w480_h360_x2.webp?w=1080&q=75, http://ap.rdcpix.com/1859f0a3ce05e0d96230c4a1e9a31c8fl-m3401153990od-w480_h360_x2.webp?w=1080&q=75, http://ap.rdcpix.com/1859f0a3ce05e0d96230c4a1e9a31c8fl-m1561100383od-w480_h360_x2.webp?w=1080&q=75, http://ap.rdcpix.com/1859f0a3ce05e0d96230c4a1e9a31c8fl-m569460962od-w480_h360_x2.webp?w=1080&q=75, http://ap.rdcpix.com/1859f0a3ce05e0d96230c4a1e9a31c8fl-m1558412230od-w480_h360_x2.webp?w=1080&q=75, http://ap.rdcpix.com/1859f0a3ce05e0d96230c4a1e9a31c8fl-m2994734285od-w480_h360_x2.webp?w=1080&q=75, http://ap.rdcpix.com/1859f0a3ce05e0d96230c4a1e9a31c8fl-m18661515od-w480_h360_x2.webp?w=1080&q=75, http://ap.rdcpix.com/1859f0a3ce05e0d96230c4a1e9a31c8fl-m2268786829od-w480_h360_x2.webp?w=1080&q=75, http://ap.rdcpix.com/1859f0a3ce05e0d96230c4a1e9a31c8fl-m210161363od-w480_h360_x2.webp?w=1080&q=75, http://ap.rdcpix.com/1859f0a3ce05e0d96230c4a1e9a31c8fl-m553728270od-w480_h360_x2.webp?w=1080&q=75, http://ap.rdcpix.com/1859f0a3ce05e0d96230c4a1e9a31c8fl-m46830678od-w480_h360_x2.webp?w=1080&q=75, http://ap.rdcpix.com/1859f0a3ce05e0d96230c4a1e9a31c8fl-m1465640402od-w480_h360_x2.webp?w=1080&q=75"
https://www.realtor.com/realestateandhomes-detail/2284356498,SEWA,2333609,SOLD,"Welcome to Lot 5 in the highly sought-after Chuckanut Crest community! This is your chance to bring your dream home to life in a neighborhood of stunning luxury residences, all set against the breathtaking backdrop of Bellingham Bay, the city skyline, the San Juan Islands, and surrounding mountains. With water share and power available, and a septic design in place, your vision can become reality with ease. Enjoy direct access to the Interurban Trail for world-class outdoor recreation, plus the convenience of being just minutes from Fairhaven and downtowns vibrant shopping and dining scene. Opportunities like this are rare, dont miss your chance to build your ideal home on Bellinghams coveted southside!",LAND,2415  Sonora Ln,Lot 5,Bellingham,WA,98229,,,,,,64,590000,2025-02-18,550000,2025-04-23,45302,,48.696581,-122.486222,South Bellingham,Whatcom,53073,,1,,,,,Bellingham Public Schools,http://ap.rdcpix.com/701c759d31de5bd57a75bb7cdfe60651l-m2780995164od-w480_h360_x2.webp?w=1080&q=75,"http://ap.rdcpix.com/701c759d31de5bd57a75bb7cdfe60651l-m2780995164od-w480_h360_x2.webp?w=1080&q=75, http://ap.rdcpix.com/701c759d31de5bd57a75bb7cdfe60651l-m1540550872od-w480_h360_x2.webp?w=1080&q=75, http://ap.rdcpix.com/701c759d31de5bd57a75bb7cdfe60651l-m807301846od-w480_h360_x2.webp?w=1080&q=75, http://ap.rdcpix.com/701c759d31de5bd57a75bb7cdfe60651l-m44076442od-w480_h360_x2.webp?w=1080&q=75, http://ap.rdcpix.com/701c759d31de5bd57a75bb7cdfe60651l-m30128206od-w480_h360_x2.webp?w=1080&q=75, http://ap.rdcpix.com/701c759d31de5bd57a75bb7cdfe60651l-m1561275659od-w480_h360_x2.webp?w=1080&q=75, http://ap.rdcpix.com/701c759d31de5bd57a75bb7cdfe60651l-m3602597461od-w480_h360_x2.webp?w=1080&q=75, http://ap.rdcpix.com/701c759d31de5bd57a75bb7cdfe60651l-m1429546660od-w480_h360_x2.webp?w=1080&q=75, http://ap.rdcpix.com/701c759d31de5bd57a75bb7cdfe60651l-m1775347587od-w480_h360_x2.webp?w=1080&q=75, http://ap.rdcpix.com/701c759d31de5bd57a75bb7cdfe60651l-m3771037910od-w480_h360_x2.webp?w=1080&q=75, http://ap.rdcpix.com/701c759d31de5bd57a75bb7cdfe60651l-m3290581455od-w480_h360_x2.webp?w=1080&q=75, http://ap.rdcpix.com/701c759d31de5bd57a75bb7cdfe60651l-m3101021796od-w480_h360_x2.webp?w=1080&q=75, http://ap.rdcpix.com/701c759d31de5bd57a75bb7cdfe60651l-m1955713031od-w480_h360_x2.webp?w=1080&q=75, http://ap.rdcpix.com/701c759d31de5bd57a75bb7cdfe60651l-m2529969017od-w480_h360_x2.webp?w=1080&q=75, http://ap.rdcpix.com/701c759d31de5bd57a75bb7cdfe60651l-m221089129od-w480_h360_x2.webp?w=1080&q=75, http://ap.rdcpix.com/701c759d31de5bd57a75bb7cdfe60651l-m3904752618od-w480_h360_x2.webp?w=1080&q=75, http://ap.rdcpix.com/701c759d31de5bd57a75bb7cdfe60651l-m607677662od-w480_h360_x2.webp?w=1080&q=75, http://ap.rdcpix.com/701c759d31de5bd57a75bb7cdfe60651l-m1503839066od-w480_h360_x2.webp?w=1080&q=75, http://ap.rdcpix.com/701c759d31de5bd57a75bb7cdfe60651l-m1898144276od-w480_h360_x2.webp?w=1080&q=75, http://ap.rdcpix.com/701c759d31de5bd57a75bb7cdfe60651l-m3361149693od-w480_h360_x2.webp?w=1080&q=75, http://ap.rdcpix.com/701c759d31de5bd57a75bb7cdfe60651l-m522689od-w480_h360_x2.webp?w=1080&q=75"
https://www.realtor.com/realestateandhomes-detail/1577897099,SEWA,2354673,SOLD,"Wonderful single level, 2 bed/2 bath condo w/ attached 2-car garage. Well-maintained Correll Commons, a 55+ community. The floor plan flows from the kitchen to the spacious living and dining areas w/ vaulted ceilings. One bedroom has a spacious walk-in closet and full bath. The other bedroom has 3/4 guest bath with step in shower, just off the living area. A large utility room leads to the spacious double car garage. Cozy in-floor radiant heat. The front porch is a delightful spot to sit and enjoy your surroundings. Walking trails meander throughout the area. This community has a clubhouse for social get-togethers. Ideal location, near all the amenities of Ferndale while offering a quiet neighborhood. Fresh interior paint throughout!",CONDOS,5668  Correll Dr,Apt 105,Ferndale,WA,98248,2,1,,1100,2005,21,425000,2025-04-03,432000,2025-04-24,,393,48.846829,-122.599242,,Whatcom,53073,1,245,2,,,,Ferndale School District,http://ap.rdcpix.com/62236d95f45c9fdf6527ebce3663325al-m3992388158od-w480_h360_x2.webp?w=1080&q=75,"http://ap.rdcpix.com/62236d95f45c9fdf6527ebce3663325al-m3992388158od-w480_h360_x2.webp?w=1080&q=75, http://ap.rdcpix.com/62236d95f45c9fdf6527ebce3663325al-m457066945od-w480_h360_x2.webp?w=1080&q=75, http://ap.rdcpix.com/62236d95f45c9fdf6527ebce3663325al-m2458965034od-w480_h360_x2.webp?w=1080&q=75, http://ap.rdcpix.com/62236d95f45c9fdf6527ebce3663325al-m284456633od-w480_h360_x2.webp?w=1080&q=75, http://ap.rdcpix.com/62236d95f45c9fdf6527ebce3663325al-m2719800185od-w480_h360_x2.webp?w=1080&q=75, http://ap.rdcpix.com/62236d95f45c9fdf6527ebce3663325al-m101352112od-w480_h360_x2.webp?w=1080&q=75, http://ap.rdcpix.com/62236d95f45c9fdf6527ebce3663325al-m4231356509od-w480_h360_x2.webp?w=1080&q=75, http://ap.rdcpix.com/62236d95f45c9fdf6527ebce3663325al-m3707618402od-w480_h360_x2.webp?w=1080&q=75, http://ap.rdcpix.com/62236d95f45c9fdf6527ebce3663325al-m862380916od-w480_h360_x2.webp?w=1080&q=75, http://ap.rdcpix.com/62236d95f45c9fdf6527ebce3663325al-m69697596od-w480_h360_x2.webp?w=1080&q=75, http://ap.rdcpix.com/62236d95f45c9fdf6527ebce3663325al-m2823508236od-w480_h360_x2.webp?w=1080&q=75, http://ap.rdcpix.com/62236d95f45c9fdf6527ebce3663325al-m24048952od-w480_h360_x2.webp?w=1080&q=75, http://ap.rdcpix.com/62236d95f45c9fdf6527ebce3663325al-m1797066827od-w480_h360_x2.webp?w=1080&q=75, http://ap.rdcpix.com/62236d95f45c9fdf6527ebce3663325al-m2922974181od-w480_h360_x2.webp?w=1080&q=75, http://ap.rdcpix.com/62236d95f45c9fdf6527ebce3663325al-m3116283108od-w480_h360_x2.webp?w=1080&q=75, http://ap.rdcpix.com/62236d95f45c9fdf6527ebce3663325al-m1254916568od-w480_h360_x2.webp?w=1080&q=75, http://ap.rdcpix.com/62236d95f45c9fdf6527ebce3663325al-m2563048376od-w480_h360_x2.webp?w=1080&q=75, http://ap.rdcpix.com/62236d95f45c9fdf6527ebce3663325al-m3937510227od-w480_h360_x2.webp?w=1080&q=75, http://ap.rdcpix.com/62236d95f45c9fdf6527ebce3663325al-m4089875510od-w480_h360_x2.webp?w=1080&q=75, http://ap.rdcpix.com/62236d95f45c9fdf6527ebce3663325al-m3839276393od-w480_h360_x2.webp?w=1080&q=75, http://ap.rdcpix.com/62236d95f45c9fdf6527ebce3663325al-m649351830od-w480_h360_x2.webp?w=1080&q=75, http://ap.rdcpix.com/62236d95f45c9fdf6527ebce3663325al-m4270716044od-w480_h360_x2.webp?w=1080&q=75, http://ap.rdcpix.com/62236d95f45c9fdf6527ebce3663325al-m2732048028od-w480_h360_x2.webp?w=1080&q=75, http://ap.rdcpix.com/62236d95f45c9fdf6527ebce3663325al-m302814564od-w480_h360_x2.webp?w=1080&q=75, http://ap.rdcpix.com/62236d95f45c9fdf6527ebce3663325al-m2246419899od-w480_h360_x2.webp?w=1080&q=75, http://ap.rdcpix.com/62236d95f45c9fdf6527ebce3663325al-m4233037185od-w480_h360_x2.webp?w=1080&q=75, http://ap.rdcpix.com/62236d95f45c9fdf6527ebce3663325al-m3920195416od-w480_h360_x2.webp?w=1080&q=75"
https://www.realtor.com/realestateandhomes-detail/1572225889,SEWA,2315349,SOLD,"Adorable year round use- park model home in the sought-after Latitude 49 Resort! This charming 1-bedroom, 1-bath retreat features vaulted ceilings, air conditioning, and an expansive deck perfect for relaxing or entertaining. Outside, enjoy a private, fenced firepit area, garden space, and a shed with powerideal for the included washer/dryer installation. Latitude 49 offers an array of amenities, including a sparkling community pool, sports courts, a game room, fully equipped exercise room , and an on-site laundry facility. Whether you're looking for a cozy full-time residence or a vacation getaway, this property is a fantastic opportunity to enjoy resort-style living! This is a full time 365 use property.",CONDOS,4751  Birch Bay Lynden Rd,Spc 50,Blaine,WA,98230,1,1,,386,1992,138,219000,2024-12-07,200000,2025-04-24,2700,518,48.935134,-122.738368,,Whatcom,53073,1,130,,,,,Blaine School District,http://ap.rdcpix.com/d328b66e783fb9135de367ba474e33b5l-m1804277121od-w480_h360_x2.webp?w=1080&q=75,"http://ap.rdcpix.com/d328b66e783fb9135de367ba474e33b5l-m1804277121od-w480_h360_x2.webp?w=1080&q=75, http://ap.rdcpix.com/d328b66e783fb9135de367ba474e33b5l-m1724234302od-w480_h360_x2.webp?w=1080&q=75, http://ap.rdcpix.com/d328b66e783fb9135de367ba474e33b5l-m2992566436od-w480_h360_x2.webp?w=1080&q=75, http://ap.rdcpix.com/d328b66e783fb9135de367ba474e33b5l-m719586298od-w480_h360_x2.webp?w=1080&q=75, http://ap.rdcpix.com/d328b66e783fb9135de367ba474e33b5l-m4201418514od-w480_h360_x2.webp?w=1080&q=75, http://ap.rdcpix.com/d328b66e783fb9135de367ba474e33b5l-m3268170102od-w480_h360_x2.webp?w=1080&q=75, http://ap.rdcpix.com/d328b66e783fb9135de367ba474e33b5l-m366849852od-w480_h360_x2.webp?w=1080&q=75, http://ap.rdcpix.com/d328b66e783fb9135de367ba474e33b5l-m1478702288od-w480_h360_x2.webp?w=1080&q=75, http://ap.rdcpix.com/d328b66e783fb9135de367ba474e33b5l-m4025198324od-w480_h360_x2.webp?w=1080&q=75, http://ap.rdcpix.com/d328b66e783fb9135de367ba474e33b5l-m2452614207od-w480_h360_x2.webp?w=1080&q=75, http://ap.rdcpix.com/d328b66e783fb9135de367ba474e33b5l-m2358401292od-w480_h360_x2.webp?w=1080&q=75, http://ap.rdcpix.com/d328b66e783fb9135de367ba474e33b5l-m810922483od-w480_h360_x2.webp?w=1080&q=75, http://ap.rdcpix.com/d328b66e783fb9135de367ba474e33b5l-m238945336od-w480_h360_x2.webp?w=1080&q=75, http://ap.rdcpix.com/d328b66e783fb9135de367ba474e33b5l-m3632354937od-w480_h360_x2.webp?w=1080&q=75, http://ap.rdcpix.com/d328b66e783fb9135de367ba474e33b5l-m2298426362od-w480_h360_x2.webp?w=1080&q=75, http://ap.rdcpix.com/d328b66e783fb9135de367ba474e33b5l-m133921488od-w480_h360_x2.webp?w=1080&q=75, http://ap.rdcpix.com/d328b66e783fb9135de367ba474e33b5l-m1838164082od-w480_h360_x2.webp?w=1080&q=75, http://ap.rdcpix.com/d328b66e783fb9135de367ba474e33b5l-m1773134090od-w480_h360_x2.webp?w=1080&q=75, http://ap.rdcpix.com/d328b66e783fb9135de367ba474e33b5l-m3420599435od-w480_h360_x2.webp?w=1080&q=75"
https://www.realtor.com/realestateandhomes-detail/9464827847,SEWA,2311265,SOLD,"Welcome to Douglas Farm - a charming new home community in Ferndale - close to Bellingham & the border! This beautiful Hemingway plan offers smartly designed living spaces & high end features throughout. The main floor features an inviting great room with a cozy fireplace & a gourmet kitchen w/large island, 5 burner gas cooktop, walk-in pantry plus an office/study, mud room and powder room. Upstairs, you'll find a primary suite w/lavish bath, 3 secondary bedrooms, a spacious loft & utility room. Extras include landscaping, irrigation, fencing, 9 ft ceilings, central heating/cooling, EV charger & more! If you are working w/a licensed broker, please register your broker on your 1st visit per our site reg policy.",SINGLE_FAMILY,5614  Farmstead Pl,Unit 22,Ferndale,WA,98248,4,2,1,2540,2025,160,724990,2024-11-16,725075,2025-04-25,5568,285,48.845245,-122.61293,,Whatcom,53073,2,84,2,,,,Ferndale School District,http://ap.rdcpix.com/68fa9bf886407b483f2c6f3de4d5df5fl-m3555275645od-w480_h360_x2.webp?w=1080&q=75,"http://ap.rdcpix.com/68fa9bf886407b483f2c6f3de4d5df5fl-m3555275645od-w480_h360_x2.webp?w=1080&q=75, http://ap.rdcpix.com/68fa9bf886407b483f2c6f3de4d5df5fl-m1236124472od-w480_h360_x2.webp?w=1080&q=75, http://ap.rdcpix.com/68fa9bf886407b483f2c6f3de4d5df5fl-m92950331od-w480_h360_x2.webp?w=1080&q=75, http://ap.rdcpix.com/68fa9bf886407b483f2c6f3de4d5df5fl-m278936389od-w480_h360_x2.webp?w=1080&q=75, http://ap.rdcpix.com/68fa9bf886407b483f2c6f3de4d5df5fl-m2818576475od-w480_h360_x2.webp?w=1080&q=75, http://ap.rdcpix.com/68fa9bf886407b483f2c6f3de4d5df5fl-m356692622od-w480_h360_x2.webp?w=1080&q=75, http://ap.rdcpix.com/68fa9bf886407b483f2c6f3de4d5df5fl-m2719521575od-w480_h360_x2.webp?w=1080&q=75, http://ap.rdcpix.com/68fa9bf886407b483f2c6f3de4d5df5fl-m1442536697od-w480_h360_x2.webp?w=1080&q=75, http://ap.rdcpix.com/68fa9bf886407b483f2c6f3de4d5df5fl-m618004839od-w480_h360_x2.webp?w=1080&q=75, http://ap.rdcpix.com/68fa9bf886407b483f2c6f3de4d5df5fl-m2025797521od-w480_h360_x2.webp?w=1080&q=75, http://ap.rdcpix.com/68fa9bf886407b483f2c6f3de4d5df5fl-m3184803047od-w480_h360_x2.webp?w=1080&q=75, http://ap.rdcpix.com/68fa9bf886407b483f2c6f3de4d5df5fl-m1524245098od-w480_h360_x2.webp?w=1080&q=75, http://ap.rdcpix.com/68fa9bf886407b483f2c6f3de4d5df5fl-m294710020od-w480_h360_x2.webp?w=1080&q=75, http://ap.rdcpix.com/68fa9bf886407b483f2c6f3de4d5df5fl-m132506252od-w480_h360_x2.webp?w=1080&q=75"
https://www.realtor.com/realestateandhomes-detail/2101373047,SEWA,2342969,SOLD,"Nestled in Bellinghams coveted Lettered Streets neighborhood, this exquisite 2-bedroom, 1-bath home blends timeless charm with modern convenience. Showcasing original hardwood floors and a tastefully remodeled bathroom with elegant porcelain tile, every detail exudes warmth and character. The fully fenced yard offers a private oasis, complete with a spacious back patio for entertaining and a newly added walk-through outdoor shed for seamless storage. Relax on the inviting cedar front porch or retreat to the serene backyard. Perfectly positioned for effortless walking or biking to downtown, picturesque parks, and the waterfrontan exceptional lifestyle awaits!",SINGLE_FAMILY,1003  Girard St,,Bellingham,WA,98225,2,1,,693,1901,34,499900,2025-03-19,500000,2025-04-22,2178,722,48.758869,-122.482745,Lettered Streets,Whatcom,53073,1,0,,,,,"Bellingham Public Schools, Northwest Educational Service District 189",http://ap.rdcpix.com/c381c683de52c576c8f049efbca520b8l-m4181668829od-w480_h360_x2.webp?w=1080&q=75,"http://ap.rdcpix.com/c381c683de52c576c8f049efbca520b8l-m4181668829od-w480_h360_x2.webp?w=1080&q=75, http://ap.rdcpix.com/c381c683de52c576c8f049efbca520b8l-m3077023499od-w480_h360_x2.webp?w=1080&q=75, http://ap.rdcpix.com/c381c683de52c576c8f049efbca520b8l-m4060993325od-w480_h360_x2.webp?w=1080&q=75, http://ap.rdcpix.com/c381c683de52c576c8f049efbca520b8l-m2689302553od-w480_h360_x2.webp?w=1080&q=75, http://ap.rdcpix.com/c381c683de52c576c8f049efbca520b8l-m1107563805od-w480_h360_x2.webp?w=1080&q=75, http://ap.rdcpix.com/c381c683de52c576c8f049efbca520b8l-m1517228328od-w480_h360_x2.webp?w=1080&q=75, http://ap.rdcpix.com/c381c683de52c576c8f049efbca520b8l-m511228647od-w480_h360_x2.webp?w=1080&q=75, http://ap.rdcpix.com/c381c683de52c576c8f049efbca520b8l-m603588751od-w480_h360_x2.webp?w=1080&q=75, http://ap.rdcpix.com/c381c683de52c576c8f049efbca520b8l-m181922734od-w480_h360_x2.webp?w=1080&q=75, http://ap.rdcpix.com/c381c683de52c576c8f049efbca520b8l-m2936324846od-w480_h360_x2.webp?w=1080&q=75, http://ap.rdcpix.com/c381c683de52c576c8f049efbca520b8l-m2621556233od-w480_h360_x2.webp?w=1080&q=75, http://ap.rdcpix.com/c381c683de52c576c8f049efbca520b8l-m1110066162od-w480_h360_x2.webp?w=1080&q=75, http://ap.rdcpix.com/c381c683de52c576c8f049efbca520b8l-m2367672112od-w480_h360_x2.webp?w=1080&q=75, http://ap.rdcpix.com/c381c683de52c576c8f049efbca520b8l-m3328763654od-w480_h360_x2.webp?w=1080&q=75, http://ap.rdcpix.com/c381c683de52c576c8f049efbca520b8l-m2417822922od-w480_h360_x2.webp?w=1080&q=75, http://ap.rdcpix.com/c381c683de52c576c8f049efbca520b8l-m3379646879od-w480_h360_x2.webp?w=1080&q=75, http://ap.rdcpix.com/c381c683de52c576c8f049efbca520b8l-m3717291616od-w480_h360_x2.webp?w=1080&q=75, http://ap.rdcpix.com/c381c683de52c576c8f049efbca520b8l-m3603123014od-w480_h360_x2.webp?w=1080&q=75, http://ap.rdcpix.com/c381c683de52c576c8f049efbca520b8l-m3189118162od-w480_h360_x2.webp?w=1080&q=75, http://ap.rdcpix.com/c381c683de52c576c8f049efbca520b8l-m82046201od-w480_h360_x2.webp?w=1080&q=75, http://ap.rdcpix.com/c381c683de52c576c8f049efbca520b8l-m2288489839od-w480_h360_x2.webp?w=1080&q=75, http://ap.rdcpix.com/c381c683de52c576c8f049efbca520b8l-m3525312820od-w480_h360_x2.webp?w=1080&q=75, http://ap.rdcpix.com/c381c683de52c576c8f049efbca520b8l-m1388354884od-w480_h360_x2.webp?w=1080&q=75, http://ap.rdcpix.com/c381c683de52c576c8f049efbca520b8l-m3419823492od-w480_h360_x2.webp?w=1080&q=75, http://ap.rdcpix.com/c381c683de52c576c8f049efbca520b8l-m2712465431od-w480_h360_x2.webp?w=1080&q=75, http://ap.rdcpix.com/c381c683de52c576c8f049efbca520b8l-m4139225492od-w480_h360_x2.webp?w=1080&q=75, http://ap.rdcpix.com/c381c683de52c576c8f049efbca520b8l-m2856057792od-w480_h360_x2.webp?w=1080&q=75, http://ap.rdcpix.com/c381c683de52c576c8f049efbca520b8l-m3665215719od-w480_h360_x2.webp?w=1080&q=75, http://ap.rdcpix.com/c381c683de52c576c8f049efbca520b8l-m2918991823od-w480_h360_x2.webp?w=1080&q=75, http://ap.rdcpix.com/c381c683de52c576c8f049efbca520b8l-m3349678134od-w480_h360_x2.webp?w=1080&q=75, http://ap.rdcpix.com/c381c683de52c576c8f049efbca520b8l-m2894462835od-w480_h360_x2.webp?w=1080&q=75"
https://www.realtor.com/realestateandhomes-detail/9911607596,SEWA,2277923,SOLD,"Discover luxury living in Bellingham, a step away from Way Point Beach. Our condos are a testament to elegance, constructed w/premium materials and featuring fine finishes. Beyond the comfort of your home, embrace a lifestyle enriched w/recreation. Witness majestic sunsets, expansive views of Bellingham Bay & the San Juan Islands. The location offers unparalleled walkability to parks, trails, a marina & a selection of restaurants. Enjoy leisurely evenings at Kulshan Track Side or warm up w/bonfires at the brewery just up the street. Anticipate the joy of waterfront living by the end of Fall 2024. Book your tour now & immerse yourself in the vibrant life that awaits. To tour you must wear closed toed shoes. HOA dues are an estimate.",CONDOS,1025  Granary Ave,Unit 504,Bellingham,WA,98225,2,2,1,1903,2024,250,1400000,2024-08-15,1400000,2025-04-22,,736,48.750195,-122.485893,"City Center Bellingham, Waterfront District",Whatcom,53073,1,910,,,,,"Bellingham Public Schools, Northwest Educational Service District 189",http://ap.rdcpix.com/531eabbeebeb0fb8c0d3229a7bb690f7l-m1647566491od-w480_h360_x2.webp?w=1080&q=75,"http://ap.rdcpix.com/531eabbeebeb0fb8c0d3229a7bb690f7l-m1647566491od-w480_h360_x2.webp?w=1080&q=75, http://ap.rdcpix.com/531eabbeebeb0fb8c0d3229a7bb690f7l-m443058007od-w480_h360_x2.webp?w=1080&q=75, http://ap.rdcpix.com/531eabbeebeb0fb8c0d3229a7bb690f7l-m1042277084od-w480_h360_x2.webp?w=1080&q=75, http://ap.rdcpix.com/531eabbeebeb0fb8c0d3229a7bb690f7l-m3529818894od-w480_h360_x2.webp?w=1080&q=75, http://ap.rdcpix.com/531eabbeebeb0fb8c0d3229a7bb690f7l-m69766883od-w480_h360_x2.webp?w=1080&q=75, http://ap.rdcpix.com/531eabbeebeb0fb8c0d3229a7bb690f7l-m855383085od-w480_h360_x2.webp?w=1080&q=75, http://ap.rdcpix.com/531eabbeebeb0fb8c0d3229a7bb690f7l-m324212542od-w480_h360_x2.webp?w=1080&q=75, http://ap.rdcpix.com/531eabbeebeb0fb8c0d3229a7bb690f7l-m2088249652od-w480_h360_x2.webp?w=1080&q=75, http://ap.rdcpix.com/531eabbeebeb0fb8c0d3229a7bb690f7l-m4007628542od-w480_h360_x2.webp?w=1080&q=75, http://ap.rdcpix.com/531eabbeebeb0fb8c0d3229a7bb690f7l-m334260920od-w480_h360_x2.webp?w=1080&q=75, http://ap.rdcpix.com/531eabbeebeb0fb8c0d3229a7bb690f7l-m2716511757od-w480_h360_x2.webp?w=1080&q=75, http://ap.rdcpix.com/531eabbeebeb0fb8c0d3229a7bb690f7l-m1831333176od-w480_h360_x2.webp?w=1080&q=75, http://ap.rdcpix.com/531eabbeebeb0fb8c0d3229a7bb690f7l-m6418334od-w480_h360_x2.webp?w=1080&q=75, http://ap.rdcpix.com/531eabbeebeb0fb8c0d3229a7bb690f7l-m558961168od-w480_h360_x2.webp?w=1080&q=75, http://ap.rdcpix.com/531eabbeebeb0fb8c0d3229a7bb690f7l-m4121596459od-w480_h360_x2.webp?w=1080&q=75, http://ap.rdcpix.com/531eabbeebeb0fb8c0d3229a7bb690f7l-m2990600012od-w480_h360_x2.webp?w=1080&q=75, http://ap.rdcpix.com/531eabbeebeb0fb8c0d3229a7bb690f7l-m3000939936od-w480_h360_x2.webp?w=1080&q=75, http://ap.rdcpix.com/531eabbeebeb0fb8c0d3229a7bb690f7l-m3981110491od-w480_h360_x2.webp?w=1080&q=75, http://ap.rdcpix.com/531eabbeebeb0fb8c0d3229a7bb690f7l-m1358291734od-w480_h360_x2.webp?w=1080&q=75, http://ap.rdcpix.com/531eabbeebeb0fb8c0d3229a7bb690f7l-m1909623564od-w480_h360_x2.webp?w=1080&q=75, http://ap.rdcpix.com/531eabbeebeb0fb8c0d3229a7bb690f7l-m142759437od-w480_h360_x2.webp?w=1080&q=75, http://ap.rdcpix.com/531eabbeebeb0fb8c0d3229a7bb690f7l-m4090234245od-w480_h360_x2.webp?w=1080&q=75, http://ap.rdcpix.com/531eabbeebeb0fb8c0d3229a7bb690f7l-m1042713464od-w480_h360_x2.webp?w=1080&q=75, http://ap.rdcpix.com/531eabbeebeb0fb8c0d3229a7bb690f7l-m3553462139od-w480_h360_x2.webp?w=1080&q=75, http://ap.rdcpix.com/531eabbeebeb0fb8c0d3229a7bb690f7l-m484992987od-w480_h360_x2.webp?w=1080&q=75, http://ap.rdcpix.com/531eabbeebeb0fb8c0d3229a7bb690f7l-m4121358178od-w480_h360_x2.webp?w=1080&q=75, http://ap.rdcpix.com/531eabbeebeb0fb8c0d3229a7bb690f7l-m869686120od-w480_h360_x2.webp?w=1080&q=75, http://ap.rdcpix.com/531eabbeebeb0fb8c0d3229a7bb690f7l-m689618899od-w480_h360_x2.webp?w=1080&q=75, http://ap.rdcpix.com/531eabbeebeb0fb8c0d3229a7bb690f7l-m3925512502od-w480_h360_x2.webp?w=1080&q=75, http://ap.rdcpix.com/531eabbeebeb0fb8c0d3229a7bb690f7l-m223932096od-w480_h360_x2.webp?w=1080&q=75, http://ap.rdcpix.com/531eabbeebeb0fb8c0d3229a7bb690f7l-m651791374od-w480_h360_x2.webp?w=1080&q=75, http://ap.rdcpix.com/531eabbeebeb0fb8c0d3229a7bb690f7l-m1753153901od-w480_h360_x2.webp?w=1080&q=75, http://ap.rdcpix.com/531eabbeebeb0fb8c0d3229a7bb690f7l-m3380725738od-w480_h360_x2.webp?w=1080&q=75, http://ap.rdcpix.com/531eabbeebeb0fb8c0d3229a7bb690f7l-m2227316486od-w480_h360_x2.webp?w=1080&q=75, http://ap.rdcpix.com/531eabbeebeb0fb8c0d3229a7bb690f7l-m660386020od-w480_h360_x2.webp?w=1080&q=75, http://ap.rdcpix.com/531eabbeebeb0fb8c0d3229a7bb690f7l-m3988224934od-w480_h360_x2.webp?w=1080&q=75, http://ap.rdcpix.com/531eabbeebeb0fb8c0d3229a7bb690f7l-m3907415359od-w480_h360_x2.webp?w=1080&q=75, http://ap.rdcpix.com/531eabbeebeb0fb8c0d3229a7bb690f7l-m1901396100od-w480_h360_x2.webp?w=1080&q=75, http://ap.rdcpix.com/531eabbeebeb0fb8c0d3229a7bb690f7l-m848968902od-w480_h360_x2.webp?w=1080&q=75, http://ap.rdcpix.com/531eabbeebeb0fb8c0d3229a7bb690f7l-m1111085338od-w480_h360_x2.webp?w=1080&q=75"
https://www.realtor.com/realestateandhomes-detail/2906291695,SEWA,2324281,SOLD,"Here's a 2010 stick built 3bed/2bath home in Whatcom County for under $320K. Centrally located between Bellingham, Mt Baker & British Columbia. Home lives large w/a wide open great room floor plan. All appliances included - stove, fridge, microwave hood, dishwasher & the washer & dryer. Nice Washer & Dryer are just over a year old. Backyard opens a greenbelt for privacy. Taller than average carport may accommodate taller vehicles and/or a boat. RV parking could be created along side of the home. Enjoy the quiet natural setting from the back patio off the primary bedroom. Short drive to skiing at Mt Baker. Great access to hunting, fishing and hiking in the North Cascades.",SINGLE_FAMILY,8274  Golden Valley Blvd,,Maple Falls,WA,98266,3,1,,1044,2010,94,310000,2025-01-20,306000,2025-04-24,7887,293,48.944866,-122.149434,,Whatcom,53073,1,0,,,,,Mount Baker School District,http://ap.rdcpix.com/ca7ea21bfa528000c31d6c9c76cd3b57l-m1015240419od-w480_h360_x2.webp?w=1080&q=75,"http://ap.rdcpix.com/ca7ea21bfa528000c31d6c9c76cd3b57l-m1015240419od-w480_h360_x2.webp?w=1080&q=75, http://ap.rdcpix.com/ca7ea21bfa528000c31d6c9c76cd3b57l-m1042251813od-w480_h360_x2.webp?w=1080&q=75, http://ap.rdcpix.com/ca7ea21bfa528000c31d6c9c76cd3b57l-m1057870006od-w480_h360_x2.webp?w=1080&q=75, http://ap.rdcpix.com/ca7ea21bfa528000c31d6c9c76cd3b57l-m4254105762od-w480_h360_x2.webp?w=1080&q=75, http://ap.rdcpix.com/ca7ea21bfa528000c31d6c9c76cd3b57l-m1729885737od-w480_h360_x2.webp?w=1080&q=75, http://ap.rdcpix.com/ca7ea21bfa528000c31d6c9c76cd3b57l-m1393567037od-w480_h360_x2.webp?w=1080&q=75, http://ap.rdcpix.com/ca7ea21bfa528000c31d6c9c76cd3b57l-m3689825344od-w480_h360_x2.webp?w=1080&q=75, http://ap.rdcpix.com/ca7ea21bfa528000c31d6c9c76cd3b57l-m3331337474od-w480_h360_x2.webp?w=1080&q=75, http://ap.rdcpix.com/ca7ea21bfa528000c31d6c9c76cd3b57l-m3418967500od-w480_h360_x2.webp?w=1080&q=75, http://ap.rdcpix.com/ca7ea21bfa528000c31d6c9c76cd3b57l-m2234438147od-w480_h360_x2.webp?w=1080&q=75, http://ap.rdcpix.com/ca7ea21bfa528000c31d6c9c76cd3b57l-m2554748746od-w480_h360_x2.webp?w=1080&q=75, http://ap.rdcpix.com/ca7ea21bfa528000c31d6c9c76cd3b57l-m934066471od-w480_h360_x2.webp?w=1080&q=75, http://ap.rdcpix.com/ca7ea21bfa528000c31d6c9c76cd3b57l-m2324080231od-w480_h360_x2.webp?w=1080&q=75, http://ap.rdcpix.com/ca7ea21bfa528000c31d6c9c76cd3b57l-m2711578820od-w480_h360_x2.webp?w=1080&q=75, http://ap.rdcpix.com/ca7ea21bfa528000c31d6c9c76cd3b57l-m1215565697od-w480_h360_x2.webp?w=1080&q=75, http://ap.rdcpix.com/ca7ea21bfa528000c31d6c9c76cd3b57l-m2542662325od-w480_h360_x2.webp?w=1080&q=75, http://ap.rdcpix.com/ca7ea21bfa528000c31d6c9c76cd3b57l-m1483988239od-w480_h360_x2.webp?w=1080&q=75, http://ap.rdcpix.com/ca7ea21bfa528000c31d6c9c76cd3b57l-m519793729od-w480_h360_x2.webp?w=1080&q=75, http://ap.rdcpix.com/ca7ea21bfa528000c31d6c9c76cd3b57l-m3577948002od-w480_h360_x2.webp?w=1080&q=75, http://ap.rdcpix.com/ca7ea21bfa528000c31d6c9c76cd3b57l-m2625097850od-w480_h360_x2.webp?w=1080&q=75, http://ap.rdcpix.com/ca7ea21bfa528000c31d6c9c76cd3b57l-m48247351od-w480_h360_x2.webp?w=1080&q=75, http://ap.rdcpix.com/ca7ea21bfa528000c31d6c9c76cd3b57l-m2675716744od-w480_h360_x2.webp?w=1080&q=75, http://ap.rdcpix.com/ca7ea21bfa528000c31d6c9c76cd3b57l-m184892355od-w480_h360_x2.webp?w=1080&q=75, http://ap.rdcpix.com/ca7ea21bfa528000c31d6c9c76cd3b57l-m3819009665od-w480_h360_x2.webp?w=1080&q=75, http://ap.rdcpix.com/ca7ea21bfa528000c31d6c9c76cd3b57l-m2753330952od-w480_h360_x2.webp?w=1080&q=75"
https://www.realtor.com/realestateandhomes-detail/1736483311,SEWA,2346076,SOLD,"One of the last 180 degree West facing view building sites in Whatcom County & on the front row of Chuckanut with unobstructed views of the bay & San Juan Islands. Over $200, 000 was spent in the last 2 years on architectural plans, engineering, etc, & is only weeks away from a Whatcom County building permit for an incredible 5, 000+ square foot home. Enjoy world class sunsets from every room, & only minutes from Fairhaven Village, the Interurban trail, & on a private paved lane serving only 3 homes. The property is serviced by Bellingham city water and the septic system has been installed. Seldom does an opportunity come along like this to save 2 years of design and permitting process. Don't miss this amazing chance to build your dream home!",LAND,1279  Chuckanut Dr,,Bellingham,WA,98229,,,,,,30,1475000,2025-03-26,1300000,2025-04-25,31799,,48.687631,-122.49123,,Whatcom,53073,,0,,,,,Bellingham Public Schools,http://ap.rdcpix.com/90fcc058b5d566218aea10667ec5ca0al-m218957207od-w480_h360_x2.webp?w=1080&q=75,"http://ap.rdcpix.com/90fcc058b5d566218aea10667ec5ca0al-m218957207od-w480_h360_x2.webp?w=1080&q=75, http://ap.rdcpix.com/90fcc058b5d566218aea10667ec5ca0al-m2062413704od-w480_h360_x2.webp?w=1080&q=75, http://ap.rdcpix.com/90fcc058b5d566218aea10667ec5ca0al-m2726856771od-w480_h360_x2.webp?w=1080&q=75, http://ap.rdcpix.com/90fcc058b5d566218aea10667ec5ca0al-m435987542od-w480_h360_x2.webp?w=1080&q=75, http://ap.rdcpix.com/90fcc058b5d566218aea10667ec5ca0al-m1150685407od-w480_h360_x2.webp?w=1080&q=75, http://ap.rdcpix.com/90fcc058b5d566218aea10667ec5ca0al-m844110426od-w480_h360_x2.webp?w=1080&q=75, http://ap.rdcpix.com/90fcc058b5d566218aea10667ec5ca0al-m4064775377od-w480_h360_x2.webp?w=1080&q=75, http://ap.rdcpix.com/90fcc058b5d566218aea10667ec5ca0al-m4285341003od-w480_h360_x2.webp?w=1080&q=75, http://ap.rdcpix.com/90fcc058b5d566218aea10667ec5ca0al-m2754581965od-w480_h360_x2.webp?w=1080&q=75, http://ap.rdcpix.com/90fcc058b5d566218aea10667ec5ca0al-m1700107208od-w480_h360_x2.webp?w=1080&q=75, http://ap.rdcpix.com/90fcc058b5d566218aea10667ec5ca0al-m2172843343od-w480_h360_x2.webp?w=1080&q=75, http://ap.rdcpix.com/90fcc058b5d566218aea10667ec5ca0al-m661360305od-w480_h360_x2.webp?w=1080&q=75, http://ap.rdcpix.com/90fcc058b5d566218aea10667ec5ca0al-m1532200647od-w480_h360_x2.webp?w=1080&q=75, http://ap.rdcpix.com/90fcc058b5d566218aea10667ec5ca0al-m1026429062od-w480_h360_x2.webp?w=1080&q=75"
https://www.realtor.com/realestateandhomes-detail/2765049217,SEWA,2347617,SOLD,"Dont be put off by multiple seller belongings and moving boxes. An excellent home with new siding, newly fenced yard, new solar panels on the roof. Big corner lot with a small outbuilding for your garden tools, with plenty of space to garden. 3 miles to downtown Bellingham. 11 minute walk to Locust Beach. Motivated Seller.",SINGLE_FAMILY,3406  Espana Pl,,Bellingham,WA,98225,3,1,,1248,1972,35,545000,2025-03-21,550000,2025-04-25,9148,441,48.776626,-122.524191,,Whatcom,53073,1,0,2,,,,Bellingham Public Schools,http://ap.rdcpix.com/0cecfb415e89a9ab567de47dea604250l-m4276007263od-w480_h360_x2.webp?w=1080&q=75,"http://ap.rdcpix.com/0cecfb415e89a9ab567de47dea604250l-m4276007263od-w480_h360_x2.webp?w=1080&q=75, http://ap.rdcpix.com/0cecfb415e89a9ab567de47dea604250l-m3166929246od-w480_h360_x2.webp?w=1080&q=75, http://ap.rdcpix.com/0cecfb415e89a9ab567de47dea604250l-m2872839911od-w480_h360_x2.webp?w=1080&q=75, http://ap.rdcpix.com/0cecfb415e89a9ab567de47dea604250l-m2953411474od-w480_h360_x2.webp?w=1080&q=75, http://ap.rdcpix.com/0cecfb415e89a9ab567de47dea604250l-m2298538265od-w480_h360_x2.webp?w=1080&q=75, http://ap.rdcpix.com/0cecfb415e89a9ab567de47dea604250l-m3149631861od-w480_h360_x2.webp?w=1080&q=75, http://ap.rdcpix.com/0cecfb415e89a9ab567de47dea604250l-m3725777695od-w480_h360_x2.webp?w=1080&q=75"
https://www.realtor.com/realestateandhomes-detail/9734913363,SEWA,2323581,SOLD,"This craftsman-style house offers a comfortable, inviting living space w/ southern exposure. Step inside to discover an open room concept, spacious living room features a cozy fireplace w/ a custom mantle. The large kitchen is a chef's dream, boasting an island and a walk-in pantry for all your storage needs. The adjacent dining area provides ample space for meals or entertaining guests. On the main floor, you'll find an extra room that can easily be transformed into a home office or nursery, offering flexibility to suit your lifestyle. The primary bedroom is a true retreat, complete with an extra large walk-in closet and vaulted ceilings. Storage space is abundant. upgraded lighting package, bonus laundry cabinets/counter.",SINGLE_FAMILY,2602  Longhorn Ln,Lot 72,Ferndale,WA,98248,3,2,1,2328,2025,91,764900,2025-01-23,764900,2025-04-24,7155,329,48.857116,-122.623019,,Whatcom,53073,2,115,2,,,,Ferndale School District,http://ap.rdcpix.com/07f297b020c2c8dfe52691b5fe1bf582l-m2378549857od-w480_h360_x2.webp?w=1080&q=75,"http://ap.rdcpix.com/07f297b020c2c8dfe52691b5fe1bf582l-m2378549857od-w480_h360_x2.webp?w=1080&q=75, http://ap.rdcpix.com/07f297b020c2c8dfe52691b5fe1bf582l-m392617035od-w480_h360_x2.webp?w=1080&q=75, http://ap.rdcpix.com/07f297b020c2c8dfe52691b5fe1bf582l-m3279801714od-w480_h360_x2.webp?w=1080&q=75, http://ap.rdcpix.com/07f297b020c2c8dfe52691b5fe1bf582l-m1092421311od-w480_h360_x2.webp?w=1080&q=75, http://ap.rdcpix.com/07f297b020c2c8dfe52691b5fe1bf582l-m3309731033od-w480_h360_x2.webp?w=1080&q=75, http://ap.rdcpix.com/07f297b020c2c8dfe52691b5fe1bf582l-m3200482502od-w480_h360_x2.webp?w=1080&q=75, http://ap.rdcpix.com/07f297b020c2c8dfe52691b5fe1bf582l-m828271525od-w480_h360_x2.webp?w=1080&q=75, http://ap.rdcpix.com/07f297b020c2c8dfe52691b5fe1bf582l-m3641362420od-w480_h360_x2.webp?w=1080&q=75, http://ap.rdcpix.com/07f297b020c2c8dfe52691b5fe1bf582l-m1744618468od-w480_h360_x2.webp?w=1080&q=75, http://ap.rdcpix.com/07f297b020c2c8dfe52691b5fe1bf582l-m604917155od-w480_h360_x2.webp?w=1080&q=75, http://ap.rdcpix.com/07f297b020c2c8dfe52691b5fe1bf582l-m318984945od-w480_h360_x2.webp?w=1080&q=75, http://ap.rdcpix.com/07f297b020c2c8dfe52691b5fe1bf582l-m3332880512od-w480_h360_x2.webp?w=1080&q=75, http://ap.rdcpix.com/07f297b020c2c8dfe52691b5fe1bf582l-m3755859662od-w480_h360_x2.webp?w=1080&q=75, http://ap.rdcpix.com/07f297b020c2c8dfe52691b5fe1bf582l-m2394212966od-w480_h360_x2.webp?w=1080&q=75, http://ap.rdcpix.com/07f297b020c2c8dfe52691b5fe1bf582l-m1308264222od-w480_h360_x2.webp?w=1080&q=75, http://ap.rdcpix.com/07f297b020c2c8dfe52691b5fe1bf582l-m2018100295od-w480_h360_x2.webp?w=1080&q=75, http://ap.rdcpix.com/07f297b020c2c8dfe52691b5fe1bf582l-m3948743964od-w480_h360_x2.webp?w=1080&q=75, http://ap.rdcpix.com/07f297b020c2c8dfe52691b5fe1bf582l-m4273480809od-w480_h360_x2.webp?w=1080&q=75, http://ap.rdcpix.com/07f297b020c2c8dfe52691b5fe1bf582l-m2303312653od-w480_h360_x2.webp?w=1080&q=75, http://ap.rdcpix.com/07f297b020c2c8dfe52691b5fe1bf582l-m185223810od-w480_h360_x2.webp?w=1080&q=75, http://ap.rdcpix.com/07f297b020c2c8dfe52691b5fe1bf582l-m4291247680od-w480_h360_x2.webp?w=1080&q=75, http://ap.rdcpix.com/07f297b020c2c8dfe52691b5fe1bf582l-m1593695524od-w480_h360_x2.webp?w=1080&q=75, http://ap.rdcpix.com/07f297b020c2c8dfe52691b5fe1bf582l-m3612005161od-w480_h360_x2.webp?w=1080&q=75, http://ap.rdcpix.com/07f297b020c2c8dfe52691b5fe1bf582l-m1415947035od-w480_h360_x2.webp?w=1080&q=75, http://ap.rdcpix.com/07f297b020c2c8dfe52691b5fe1bf582l-m3275905095od-w480_h360_x2.webp?w=1080&q=75, http://ap.rdcpix.com/07f297b020c2c8dfe52691b5fe1bf582l-m960499527od-w480_h360_x2.webp?w=1080&q=75, http://ap.rdcpix.com/07f297b020c2c8dfe52691b5fe1bf582l-m2639309216od-w480_h360_x2.webp?w=1080&q=75, http://ap.rdcpix.com/07f297b020c2c8dfe52691b5fe1bf582l-m565119390od-w480_h360_x2.webp?w=1080&q=75, http://ap.rdcpix.com/07f297b020c2c8dfe52691b5fe1bf582l-m2406662841od-w480_h360_x2.webp?w=1080&q=75, http://ap.rdcpix.com/07f297b020c2c8dfe52691b5fe1bf582l-m1286986115od-w480_h360_x2.webp?w=1080&q=75, http://ap.rdcpix.com/07f297b020c2c8dfe52691b5fe1bf582l-m3642952348od-w480_h360_x2.webp?w=1080&q=75, http://ap.rdcpix.com/07f297b020c2c8dfe52691b5fe1bf582l-m3828924417od-w480_h360_x2.webp?w=1080&q=75"
https://www.realtor.com/realestateandhomes-detail/1348910692,SEWA,2351383,SOLD,"Exceptional Fairhaven home in a prime location steps from Fairhaven Park, minutes to trails, shopping & I-5 access. NW-style home sits on a private, park-like lot w/ mature trees, an enclosed yard (home has doggie door) & multiple outdoor spaces. The open-concept main level boasts soaring ceilings, wood stove, abundant nat'l light & a custom staircase leading to a mezzanine w/ a 2-sided FP. Primary suite features gas FP, BIG walk-in closet, tiled shower & private balcony- perfect for morning coffee. A large main-level deck w/ a hot tub offers the ideal setting for entertaining. Oversized 864sq/ft garage w/ample space for a workshop, gear storage or convert to an ADU. New vinyl flooring, French doors & main entry door, fresh paint & 5yo roof",SINGLE_FAMILY,400  Chuckanut Dr,,Bellingham,WA,98229,3,1,,1507,1999,27,850000,2025-03-27,880000,2025-04-23,27878,584,48.711821,-122.500419,Edgemoor,Whatcom,53073,2,0,2,,,,Bellingham Public Schools,http://ap.rdcpix.com/56e00929e53b4c26394a0698d4d27a0cl-m236477536od-w480_h360_x2.webp?w=1080&q=75,"http://ap.rdcpix.com/56e00929e53b4c26394a0698d4d27a0cl-m236477536od-w480_h360_x2.webp?w=1080&q=75, http://ap.rdcpix.com/56e00929e53b4c26394a0698d4d27a0cl-m502364173od-w480_h360_x2.webp?w=1080&q=75, http://ap.rdcpix.com/56e00929e53b4c26394a0698d4d27a0cl-m3915011078od-w480_h360_x2.webp?w=1080&q=75, http://ap.rdcpix.com/56e00929e53b4c26394a0698d4d27a0cl-m1739746710od-w480_h360_x2.webp?w=1080&q=75, http://ap.rdcpix.com/56e00929e53b4c26394a0698d4d27a0cl-m3326764827od-w480_h360_x2.webp?w=1080&q=75, http://ap.rdcpix.com/56e00929e53b4c26394a0698d4d27a0cl-m3012609496od-w480_h360_x2.webp?w=1080&q=75, http://ap.rdcpix.com/56e00929e53b4c26394a0698d4d27a0cl-m1563409152od-w480_h360_x2.webp?w=1080&q=75, http://ap.rdcpix.com/56e00929e53b4c26394a0698d4d27a0cl-m2139873543od-w480_h360_x2.webp?w=1080&q=75, http://ap.rdcpix.com/56e00929e53b4c26394a0698d4d27a0cl-m1997137112od-w480_h360_x2.webp?w=1080&q=75, http://ap.rdcpix.com/56e00929e53b4c26394a0698d4d27a0cl-m1259784899od-w480_h360_x2.webp?w=1080&q=75, http://ap.rdcpix.com/56e00929e53b4c26394a0698d4d27a0cl-m2336212253od-w480_h360_x2.webp?w=1080&q=75, http://ap.rdcpix.com/56e00929e53b4c26394a0698d4d27a0cl-m870528568od-w480_h360_x2.webp?w=1080&q=75, http://ap.rdcpix.com/56e00929e53b4c26394a0698d4d27a0cl-m2916317532od-w480_h360_x2.webp?w=1080&q=75, http://ap.rdcpix.com/56e00929e53b4c26394a0698d4d27a0cl-m433625748od-w480_h360_x2.webp?w=1080&q=75, http://ap.rdcpix.com/56e00929e53b4c26394a0698d4d27a0cl-m176675997od-w480_h360_x2.webp?w=1080&q=75, http://ap.rdcpix.com/56e00929e53b4c26394a0698d4d27a0cl-m3169460010od-w480_h360_x2.webp?w=1080&q=75, http://ap.rdcpix.com/56e00929e53b4c26394a0698d4d27a0cl-m2295483822od-w480_h360_x2.webp?w=1080&q=75, http://ap.rdcpix.com/56e00929e53b4c26394a0698d4d27a0cl-m3765311781od-w480_h360_x2.webp?w=1080&q=75, http://ap.rdcpix.com/56e00929e53b4c26394a0698d4d27a0cl-m1225277475od-w480_h360_x2.webp?w=1080&q=75, http://ap.rdcpix.com/56e00929e53b4c26394a0698d4d27a0cl-m2890451335od-w480_h360_x2.webp?w=1080&q=75, http://ap.rdcpix.com/56e00929e53b4c26394a0698d4d27a0cl-m606255853od-w480_h360_x2.webp?w=1080&q=75, http://ap.rdcpix.com/56e00929e53b4c26394a0698d4d27a0cl-m1184937285od-w480_h360_x2.webp?w=1080&q=75, http://ap.rdcpix.com/56e00929e53b4c26394a0698d4d27a0cl-m1169997845od-w480_h360_x2.webp?w=1080&q=75, http://ap.rdcpix.com/56e00929e53b4c26394a0698d4d27a0cl-m2871531122od-w480_h360_x2.webp?w=1080&q=75, http://ap.rdcpix.com/56e00929e53b4c26394a0698d4d27a0cl-m3662534971od-w480_h360_x2.webp?w=1080&q=75, http://ap.rdcpix.com/56e00929e53b4c26394a0698d4d27a0cl-m35113629od-w480_h360_x2.webp?w=1080&q=75, http://ap.rdcpix.com/56e00929e53b4c26394a0698d4d27a0cl-m512869842od-w480_h360_x2.webp?w=1080&q=75, http://ap.rdcpix.com/56e00929e53b4c26394a0698d4d27a0cl-m2136827918od-w480_h360_x2.webp?w=1080&q=75, http://ap.rdcpix.com/56e00929e53b4c26394a0698d4d27a0cl-m2697998844od-w480_h360_x2.webp?w=1080&q=75, http://ap.rdcpix.com/56e00929e53b4c26394a0698d4d27a0cl-m184518693od-w480_h360_x2.webp?w=1080&q=75, http://ap.rdcpix.com/56e00929e53b4c26394a0698d4d27a0cl-m1783381376od-w480_h360_x2.webp?w=1080&q=75, http://ap.rdcpix.com/56e00929e53b4c26394a0698d4d27a0cl-m3691212096od-w480_h360_x2.webp?w=1080&q=75, http://ap.rdcpix.com/56e00929e53b4c26394a0698d4d27a0cl-m1363709046od-w480_h360_x2.webp?w=1080&q=75, http://ap.rdcpix.com/56e00929e53b4c26394a0698d4d27a0cl-m1889369289od-w480_h360_x2.webp?w=1080&q=75, http://ap.rdcpix.com/56e00929e53b4c26394a0698d4d27a0cl-m1317629096od-w480_h360_x2.webp?w=1080&q=75, http://ap.rdcpix.com/56e00929e53b4c26394a0698d4d27a0cl-m3059211547od-w480_h360_x2.webp?w=1080&q=75, http://ap.rdcpix.com/56e00929e53b4c26394a0698d4d27a0cl-m1799796287od-w480_h360_x2.webp?w=1080&q=75"
https://www.realtor.com/realestateandhomes-detail/1858353613,SEWA,2304630,SOLD,"Discover this charming one-story home situated on a spacious lot! Enjoy the covered front porch, an ideal spot for unwinding with your morning coffee. Step inside to find a light and bright living room that seamlessly connects to the kitchen, complete with a cozy eating space. This home features two comfortable bedrooms and a full bath, ideal for everyday living. A utility room with cabinet storage adds convenience to your routine. Enjoy the large level backyard, perfect for gatherings or play, along with a two-car detached garage for all your storage needs. Conveniently located near I-5, parks, and more!",SINGLE_FAMILY,962  3rd St,,Blaine,WA,98230,2,1,,968,1920,180,395000,2024-10-24,350000,2025-04-22,4792,362,48.99124,-122.749274,,Whatcom,53073,1,0,2,,,,Blaine School District,http://ap.rdcpix.com/4df0d515663acbb854b7ce656ce2c57dl-m1428079230od-w480_h360_x2.webp?w=1080&q=75,"http://ap.rdcpix.com/4df0d515663acbb854b7ce656ce2c57dl-m1428079230od-w480_h360_x2.webp?w=1080&q=75, http://ap.rdcpix.com/4df0d515663acbb854b7ce656ce2c57dl-m1545384492od-w480_h360_x2.webp?w=1080&q=75, http://ap.rdcpix.com/4df0d515663acbb854b7ce656ce2c57dl-m1356954111od-w480_h360_x2.webp?w=1080&q=75, http://ap.rdcpix.com/4df0d515663acbb854b7ce656ce2c57dl-m1348841287od-w480_h360_x2.webp?w=1080&q=75, http://ap.rdcpix.com/4df0d515663acbb854b7ce656ce2c57dl-m654495806od-w480_h360_x2.webp?w=1080&q=75, http://ap.rdcpix.com/4df0d515663acbb854b7ce656ce2c57dl-m1153821334od-w480_h360_x2.webp?w=1080&q=75, http://ap.rdcpix.com/4df0d515663acbb854b7ce656ce2c57dl-m2187503946od-w480_h360_x2.webp?w=1080&q=75, http://ap.rdcpix.com/4df0d515663acbb854b7ce656ce2c57dl-m1199392045od-w480_h360_x2.webp?w=1080&q=75, http://ap.rdcpix.com/4df0d515663acbb854b7ce656ce2c57dl-m1404031534od-w480_h360_x2.webp?w=1080&q=75, http://ap.rdcpix.com/4df0d515663acbb854b7ce656ce2c57dl-m323992089od-w480_h360_x2.webp?w=1080&q=75, http://ap.rdcpix.com/4df0d515663acbb854b7ce656ce2c57dl-m3285117173od-w480_h360_x2.webp?w=1080&q=75, http://ap.rdcpix.com/4df0d515663acbb854b7ce656ce2c57dl-m3555298284od-w480_h360_x2.webp?w=1080&q=75, http://ap.rdcpix.com/4df0d515663acbb854b7ce656ce2c57dl-m3777087258od-w480_h360_x2.webp?w=1080&q=75, http://ap.rdcpix.com/4df0d515663acbb854b7ce656ce2c57dl-m3550428870od-w480_h360_x2.webp?w=1080&q=75, http://ap.rdcpix.com/4df0d515663acbb854b7ce656ce2c57dl-m2929979704od-w480_h360_x2.webp?w=1080&q=75, http://ap.rdcpix.com/4df0d515663acbb854b7ce656ce2c57dl-m1321201289od-w480_h360_x2.webp?w=1080&q=75, http://ap.rdcpix.com/4df0d515663acbb854b7ce656ce2c57dl-m3558745182od-w480_h360_x2.webp?w=1080&q=75, http://ap.rdcpix.com/4df0d515663acbb854b7ce656ce2c57dl-m1639921819od-w480_h360_x2.webp?w=1080&q=75, http://ap.rdcpix.com/4df0d515663acbb854b7ce656ce2c57dl-m2923367291od-w480_h360_x2.webp?w=1080&q=75, http://ap.rdcpix.com/4df0d515663acbb854b7ce656ce2c57dl-m217274343od-w480_h360_x2.webp?w=1080&q=75, http://ap.rdcpix.com/4df0d515663acbb854b7ce656ce2c57dl-m1451701836od-w480_h360_x2.webp?w=1080&q=75, http://ap.rdcpix.com/4df0d515663acbb854b7ce656ce2c57dl-m374736034od-w480_h360_x2.webp?w=1080&q=75, http://ap.rdcpix.com/4df0d515663acbb854b7ce656ce2c57dl-m1266475587od-w480_h360_x2.webp?w=1080&q=75, http://ap.rdcpix.com/4df0d515663acbb854b7ce656ce2c57dl-m1957799132od-w480_h360_x2.webp?w=1080&q=75, http://ap.rdcpix.com/4df0d515663acbb854b7ce656ce2c57dl-m740898506od-w480_h360_x2.webp?w=1080&q=75, http://ap.rdcpix.com/4df0d515663acbb854b7ce656ce2c57dl-m365239525od-w480_h360_x2.webp?w=1080&q=75, http://ap.rdcpix.com/4df0d515663acbb854b7ce656ce2c57dl-m2837138044od-w480_h360_x2.webp?w=1080&q=75, http://ap.rdcpix.com/4df0d515663acbb854b7ce656ce2c57dl-m2444841261od-w480_h360_x2.webp?w=1080&q=75"
https://www.realtor.com/realestateandhomes-detail/1608198713,SEWA,2328592,SOLD,"This beautifully updated 3 bed, 2.5 bath, 1, 889 sqft condo in the heart of Lynden offers breathtaking southern views of Mt. Baker and the River Valley. The open layout includes a remodeled kitchen with modern appliances, vaulted ceilings, and large windows that bring in abundant natural light. The main-floor primary suite allows for single level living and features a jetted tub, walk-in shower, and walk-in closet. Upstairs, are two large bedrooms, a full bath, and a versatile second living room. Enjoy a private south-facing balcony, a two-car garage, and a peaceful setting at the end of a quiet street, just minutes from local Lynden amenities and schools. This condo feels like a home, but w/o the maintenance. Come see it today!",CONDOS,1178 E Grover St,Apt 202,Lynden,WA,98264,3,1,1,1889,1992,80,440000,2025-02-01,440000,2025-04-22,,233,48.949825,-122.43031,,Whatcom,53073,2,300,2,,,,Lynden School District,http://ap.rdcpix.com/3e79e5357837b313442bcb8d78ddc7b9l-m3754667572od-w480_h360_x2.webp?w=1080&q=75,"http://ap.rdcpix.com/3e79e5357837b313442bcb8d78ddc7b9l-m3754667572od-w480_h360_x2.webp?w=1080&q=75, http://ap.rdcpix.com/3e79e5357837b313442bcb8d78ddc7b9l-m2586156722od-w480_h360_x2.webp?w=1080&q=75, http://ap.rdcpix.com/3e79e5357837b313442bcb8d78ddc7b9l-m1469603886od-w480_h360_x2.webp?w=1080&q=75, http://ap.rdcpix.com/3e79e5357837b313442bcb8d78ddc7b9l-m1044948094od-w480_h360_x2.webp?w=1080&q=75, http://ap.rdcpix.com/3e79e5357837b313442bcb8d78ddc7b9l-m282245242od-w480_h360_x2.webp?w=1080&q=75, http://ap.rdcpix.com/3e79e5357837b313442bcb8d78ddc7b9l-m993656088od-w480_h360_x2.webp?w=1080&q=75, http://ap.rdcpix.com/3e79e5357837b313442bcb8d78ddc7b9l-m1677175526od-w480_h360_x2.webp?w=1080&q=75, http://ap.rdcpix.com/3e79e5357837b313442bcb8d78ddc7b9l-m3401131957od-w480_h360_x2.webp?w=1080&q=75, http://ap.rdcpix.com/3e79e5357837b313442bcb8d78ddc7b9l-m1881527221od-w480_h360_x2.webp?w=1080&q=75, http://ap.rdcpix.com/3e79e5357837b313442bcb8d78ddc7b9l-m1966046567od-w480_h360_x2.webp?w=1080&q=75, http://ap.rdcpix.com/3e79e5357837b313442bcb8d78ddc7b9l-m1762345738od-w480_h360_x2.webp?w=1080&q=75, http://ap.rdcpix.com/3e79e5357837b313442bcb8d78ddc7b9l-m158741328od-w480_h360_x2.webp?w=1080&q=75, http://ap.rdcpix.com/3e79e5357837b313442bcb8d78ddc7b9l-m3973075889od-w480_h360_x2.webp?w=1080&q=75, http://ap.rdcpix.com/3e79e5357837b313442bcb8d78ddc7b9l-m4026339125od-w480_h360_x2.webp?w=1080&q=75, http://ap.rdcpix.com/3e79e5357837b313442bcb8d78ddc7b9l-m1660960835od-w480_h360_x2.webp?w=1080&q=75, http://ap.rdcpix.com/3e79e5357837b313442bcb8d78ddc7b9l-m589981838od-w480_h360_x2.webp?w=1080&q=75, http://ap.rdcpix.com/3e79e5357837b313442bcb8d78ddc7b9l-m1011209253od-w480_h360_x2.webp?w=1080&q=75, http://ap.rdcpix.com/3e79e5357837b313442bcb8d78ddc7b9l-m1470428505od-w480_h360_x2.webp?w=1080&q=75, http://ap.rdcpix.com/3e79e5357837b313442bcb8d78ddc7b9l-m1048700991od-w480_h360_x2.webp?w=1080&q=75, http://ap.rdcpix.com/3e79e5357837b313442bcb8d78ddc7b9l-m4153573233od-w480_h360_x2.webp?w=1080&q=75, http://ap.rdcpix.com/3e79e5357837b313442bcb8d78ddc7b9l-m2317543323od-w480_h360_x2.webp?w=1080&q=75, http://ap.rdcpix.com/3e79e5357837b313442bcb8d78ddc7b9l-m395749019od-w480_h360_x2.webp?w=1080&q=75, http://ap.rdcpix.com/3e79e5357837b313442bcb8d78ddc7b9l-m525878852od-w480_h360_x2.webp?w=1080&q=75, http://ap.rdcpix.com/3e79e5357837b313442bcb8d78ddc7b9l-m2303629446od-w480_h360_x2.webp?w=1080&q=75, http://ap.rdcpix.com/3e79e5357837b313442bcb8d78ddc7b9l-m1108245637od-w480_h360_x2.webp?w=1080&q=75, http://ap.rdcpix.com/3e79e5357837b313442bcb8d78ddc7b9l-m2586252737od-w480_h360_x2.webp?w=1080&q=75, http://ap.rdcpix.com/3e79e5357837b313442bcb8d78ddc7b9l-m2735203113od-w480_h360_x2.webp?w=1080&q=75, http://ap.rdcpix.com/3e79e5357837b313442bcb8d78ddc7b9l-m1839422653od-w480_h360_x2.webp?w=1080&q=75, http://ap.rdcpix.com/3e79e5357837b313442bcb8d78ddc7b9l-m3891531595od-w480_h360_x2.webp?w=1080&q=75, http://ap.rdcpix.com/3e79e5357837b313442bcb8d78ddc7b9l-m160862498od-w480_h360_x2.webp?w=1080&q=75, http://ap.rdcpix.com/3e79e5357837b313442bcb8d78ddc7b9l-m3657836112od-w480_h360_x2.webp?w=1080&q=75, http://ap.rdcpix.com/3e79e5357837b313442bcb8d78ddc7b9l-m2493141166od-w480_h360_x2.webp?w=1080&q=75, http://ap.rdcpix.com/3e79e5357837b313442bcb8d78ddc7b9l-m1307643139od-w480_h360_x2.webp?w=1080&q=75, http://ap.rdcpix.com/3e79e5357837b313442bcb8d78ddc7b9l-m3399792826od-w480_h360_x2.webp?w=1080&q=75, http://ap.rdcpix.com/3e79e5357837b313442bcb8d78ddc7b9l-m3904938059od-w480_h360_x2.webp?w=1080&q=75, http://ap.rdcpix.com/3e79e5357837b313442bcb8d78ddc7b9l-m868608608od-w480_h360_x2.webp?w=1080&q=75, http://ap.rdcpix.com/3e79e5357837b313442bcb8d78ddc7b9l-m838960563od-w480_h360_x2.webp?w=1080&q=75, http://ap.rdcpix.com/3e79e5357837b313442bcb8d78ddc7b9l-m2317178009od-w480_h360_x2.webp?w=1080&q=75, http://ap.rdcpix.com/3e79e5357837b313442bcb8d78ddc7b9l-m4102620366od-w480_h360_x2.webp?w=1080&q=75, http://ap.rdcpix.com/3e79e5357837b313442bcb8d78ddc7b9l-m3354534060od-w480_h360_x2.webp?w=1080&q=75"
https://www.realtor.com/realestateandhomes-detail/9991836096,SEWA,2327554,SOLD,"Welcome to this beautifully crafted new construction townhome, offering modern design and upgraded finishes throughout! Featuring a spacious open floor plan, this home is perfect for entertaining or simply enjoying everyday living. The sleek stainless steel appliances, quartz countertops, and stylish cabinetry create a dream kitchen. Stay comfortable year-round w/ air conditioning, & enjoy the convenience of designated parking. HOA dues cover all utilities except power/internet. Located in a prime location, youll have easy access to shopping, dining, and just 15 minutes from Bellingham. Dont miss this opportunity to own a move-in-ready home! Ask about seller contributions towards closing costs or rate buy down.",TOWNHOMES,314  Everson Rd,Unit C,Everson,WA,98247,3,1,,1020,2024,81,274000,2025-01-30,270000,2025-04-21,2290,265,,,,Whatcom,,2,385,,,,,,http://ap.rdcpix.com/b351658cba064ce8016546dc898858bcl-m3201449996od-w480_h360_x2.webp?w=1080&q=75,"http://ap.rdcpix.com/b351658cba064ce8016546dc898858bcl-m3201449996od-w480_h360_x2.webp?w=1080&q=75, http://ap.rdcpix.com/b351658cba064ce8016546dc898858bcl-m3440238995od-w480_h360_x2.webp?w=1080&q=75, http://ap.rdcpix.com/b351658cba064ce8016546dc898858bcl-m2662615330od-w480_h360_x2.webp?w=1080&q=75, http://ap.rdcpix.com/b351658cba064ce8016546dc898858bcl-m3929187588od-w480_h360_x2.webp?w=1080&q=75, http://ap.rdcpix.com/b351658cba064ce8016546dc898858bcl-m4183546257od-w480_h360_x2.webp?w=1080&q=75, http://ap.rdcpix.com/b351658cba064ce8016546dc898858bcl-m241211991od-w480_h360_x2.webp?w=1080&q=75, http://ap.rdcpix.com/b351658cba064ce8016546dc898858bcl-m2531033302od-w480_h360_x2.webp?w=1080&q=75, http://ap.rdcpix.com/b351658cba064ce8016546dc898858bcl-m2814528723od-w480_h360_x2.webp?w=1080&q=75, http://ap.rdcpix.com/b351658cba064ce8016546dc898858bcl-m2928851082od-w480_h360_x2.webp?w=1080&q=75, http://ap.rdcpix.com/b351658cba064ce8016546dc898858bcl-m3476581567od-w480_h360_x2.webp?w=1080&q=75, http://ap.rdcpix.com/b351658cba064ce8016546dc898858bcl-m1536392269od-w480_h360_x2.webp?w=1080&q=75, http://ap.rdcpix.com/b351658cba064ce8016546dc898858bcl-m573714269od-w480_h360_x2.webp?w=1080&q=75, http://ap.rdcpix.com/b351658cba064ce8016546dc898858bcl-m2994079501od-w480_h360_x2.webp?w=1080&q=75, http://ap.rdcpix.com/b351658cba064ce8016546dc898858bcl-m1841329208od-w480_h360_x2.webp?w=1080&q=75, http://ap.rdcpix.com/b351658cba064ce8016546dc898858bcl-m3711608707od-w480_h360_x2.webp?w=1080&q=75, http://ap.rdcpix.com/b351658cba064ce8016546dc898858bcl-m2079582482od-w480_h360_x2.webp?w=1080&q=75, http://ap.rdcpix.com/b351658cba064ce8016546dc898858bcl-m572741651od-w480_h360_x2.webp?w=1080&q=75, http://ap.rdcpix.com/b351658cba064ce8016546dc898858bcl-m2780042743od-w480_h360_x2.webp?w=1080&q=75, http://ap.rdcpix.com/b351658cba064ce8016546dc898858bcl-m13231901od-w480_h360_x2.webp?w=1080&q=75, http://ap.rdcpix.com/b351658cba064ce8016546dc898858bcl-m2148861397od-w480_h360_x2.webp?w=1080&q=75, http://ap.rdcpix.com/b351658cba064ce8016546dc898858bcl-m1440504974od-w480_h360_x2.webp?w=1080&q=75, http://ap.rdcpix.com/b351658cba064ce8016546dc898858bcl-m114073479od-w480_h360_x2.webp?w=1080&q=75, http://ap.rdcpix.com/b351658cba064ce8016546dc898858bcl-m3002267779od-w480_h360_x2.webp?w=1080&q=75, http://ap.rdcpix.com/b351658cba064ce8016546dc898858bcl-m2771235585od-w480_h360_x2.webp?w=1080&q=75, http://ap.rdcpix.com/b351658cba064ce8016546dc898858bcl-m1489233631od-w480_h360_x2.webp?w=1080&q=75, http://ap.rdcpix.com/b351658cba064ce8016546dc898858bcl-m1237361001od-w480_h360_x2.webp?w=1080&q=75, http://ap.rdcpix.com/b351658cba064ce8016546dc898858bcl-m1775185248od-w480_h360_x2.webp?w=1080&q=75, http://ap.rdcpix.com/b351658cba064ce8016546dc898858bcl-m3723849176od-w480_h360_x2.webp?w=1080&q=75, http://ap.rdcpix.com/b351658cba064ce8016546dc898858bcl-m1546946546od-w480_h360_x2.webp?w=1080&q=75, http://ap.rdcpix.com/b351658cba064ce8016546dc898858bcl-m218883075od-w480_h360_x2.webp?w=1080&q=75, http://ap.rdcpix.com/b351658cba064ce8016546dc898858bcl-m3277675314od-w480_h360_x2.webp?w=1080&q=75, http://ap.rdcpix.com/b351658cba064ce8016546dc898858bcl-m1046576860od-w480_h360_x2.webp?w=1080&q=75, http://ap.rdcpix.com/b351658cba064ce8016546dc898858bcl-m920809675od-w480_h360_x2.webp?w=1080&q=75"
https://www.realtor.com/realestateandhomes-detail/2805239573,SEWA,2344568,SOLD,"Charming Log Cabin with Endless Potential! This 2-bed, 1-bath log cabin is a fantastic investment opportunity vacation retreat, or Airbnb rental! Located near Mount Baker and just 15 minutes from the Canadian border, enjoy year-round outdoor activities like skiing, hiking, fishing, and hunting. Stay cozy with a wood stove and Mini Split heating & cooling. The property also includes an outbuilding and woodshed for extra storage. Bring your vision for upgrades and expansion to maximize its potential. Whether youre looking for a getaway or an income-generating property, this cabin offers versatility and charm.",SINGLE_FAMILY,6216  Azure Way,,Maple Falls,WA,98266,2,1,,586,1974,38,200000,2025-03-15,180000,2025-04-22,7667,307,48.948338,-122.147799,,Whatcom,53073,1,0,,,,,Mount Baker School District,http://ap.rdcpix.com/21c6d6ea8d174f4b48753231f9401693l-m1728030913od-w480_h360_x2.webp?w=1080&q=75,"http://ap.rdcpix.com/21c6d6ea8d174f4b48753231f9401693l-m1728030913od-w480_h360_x2.webp?w=1080&q=75, http://ap.rdcpix.com/21c6d6ea8d174f4b48753231f9401693l-m3141984915od-w480_h360_x2.webp?w=1080&q=75, http://ap.rdcpix.com/21c6d6ea8d174f4b48753231f9401693l-m3383594942od-w480_h360_x2.webp?w=1080&q=75, http://ap.rdcpix.com/21c6d6ea8d174f4b48753231f9401693l-m2960662546od-w480_h360_x2.webp?w=1080&q=75, http://ap.rdcpix.com/21c6d6ea8d174f4b48753231f9401693l-m3281147349od-w480_h360_x2.webp?w=1080&q=75, http://ap.rdcpix.com/21c6d6ea8d174f4b48753231f9401693l-m3838596668od-w480_h360_x2.webp?w=1080&q=75, http://ap.rdcpix.com/21c6d6ea8d174f4b48753231f9401693l-m230836289od-w480_h360_x2.webp?w=1080&q=75, http://ap.rdcpix.com/21c6d6ea8d174f4b48753231f9401693l-m981909624od-w480_h360_x2.webp?w=1080&q=75, http://ap.rdcpix.com/21c6d6ea8d174f4b48753231f9401693l-m2072350930od-w480_h360_x2.webp?w=1080&q=75, http://ap.rdcpix.com/21c6d6ea8d174f4b48753231f9401693l-m1199973125od-w480_h360_x2.webp?w=1080&q=75, http://ap.rdcpix.com/21c6d6ea8d174f4b48753231f9401693l-m1496130446od-w480_h360_x2.webp?w=1080&q=75, http://ap.rdcpix.com/21c6d6ea8d174f4b48753231f9401693l-m2856802842od-w480_h360_x2.webp?w=1080&q=75, http://ap.rdcpix.com/21c6d6ea8d174f4b48753231f9401693l-m1298706847od-w480_h360_x2.webp?w=1080&q=75, http://ap.rdcpix.com/21c6d6ea8d174f4b48753231f9401693l-m3167221236od-w480_h360_x2.webp?w=1080&q=75, http://ap.rdcpix.com/21c6d6ea8d174f4b48753231f9401693l-m3453346182od-w480_h360_x2.webp?w=1080&q=75, http://ap.rdcpix.com/21c6d6ea8d174f4b48753231f9401693l-m1868297783od-w480_h360_x2.webp?w=1080&q=75, http://ap.rdcpix.com/21c6d6ea8d174f4b48753231f9401693l-m2724241331od-w480_h360_x2.webp?w=1080&q=75, http://ap.rdcpix.com/21c6d6ea8d174f4b48753231f9401693l-m3916446580od-w480_h360_x2.webp?w=1080&q=75, http://ap.rdcpix.com/21c6d6ea8d174f4b48753231f9401693l-m1182600279od-w480_h360_x2.webp?w=1080&q=75, http://ap.rdcpix.com/21c6d6ea8d174f4b48753231f9401693l-m2035908542od-w480_h360_x2.webp?w=1080&q=75, http://ap.rdcpix.com/21c6d6ea8d174f4b48753231f9401693l-m3880014375od-w480_h360_x2.webp?w=1080&q=75, http://ap.rdcpix.com/21c6d6ea8d174f4b48753231f9401693l-m232439474od-w480_h360_x2.webp?w=1080&q=75, http://ap.rdcpix.com/21c6d6ea8d174f4b48753231f9401693l-m1394986635od-w480_h360_x2.webp?w=1080&q=75, http://ap.rdcpix.com/21c6d6ea8d174f4b48753231f9401693l-m131635188od-w480_h360_x2.webp?w=1080&q=75, http://ap.rdcpix.com/21c6d6ea8d174f4b48753231f9401693l-m3708945349od-w480_h360_x2.webp?w=1080&q=75, http://ap.rdcpix.com/21c6d6ea8d174f4b48753231f9401693l-m578571271od-w480_h360_x2.webp?w=1080&q=75"
https://www.realtor.com/realestateandhomes-detail/2858370658,SEWA,2317257,SOLD,"Nice 3-bedroom home in Birch Bay. Many updates including newly painted exterior, roof, and flooring. Large fenced backyard with fruit trees and an outbuilding. All the wonderful Birch Bay amenities like the waterfront walking berm, restaurants, retail shops, bike rentals, music, dancing, and the beach is a short walk! This is a great seasonal home, vacation stay, investment, rental home, or permanent residence! Vancouver BC and Seattle are a quick drive. The neighborhood is cozy, quiet, safe, and miles away from traffic, and sirens. Don't miss this one! VA Assumable Loan 3.3% 30-year fixed available to all eligible veterans",SINGLE_FAMILY,7534  Leeside Dr,,Blaine,WA,98230,3,1,,1328,1993,123,450000,2024-12-20,435000,2025-04-22,7405,328,48.915662,-122.739447,,Whatcom,53073,1,0,,,,,Blaine School District,http://ap.rdcpix.com/36e5ab9723ef1862d469ed41ffdbfec0l-m3520443499od-w480_h360_x2.webp?w=1080&q=75,"http://ap.rdcpix.com/36e5ab9723ef1862d469ed41ffdbfec0l-m3520443499od-w480_h360_x2.webp?w=1080&q=75, http://ap.rdcpix.com/36e5ab9723ef1862d469ed41ffdbfec0l-m2617453582od-w480_h360_x2.webp?w=1080&q=75, http://ap.rdcpix.com/36e5ab9723ef1862d469ed41ffdbfec0l-m3945061324od-w480_h360_x2.webp?w=1080&q=75, http://ap.rdcpix.com/36e5ab9723ef1862d469ed41ffdbfec0l-m3790342806od-w480_h360_x2.webp?w=1080&q=75, http://ap.rdcpix.com/36e5ab9723ef1862d469ed41ffdbfec0l-m165774309od-w480_h360_x2.webp?w=1080&q=75, http://ap.rdcpix.com/36e5ab9723ef1862d469ed41ffdbfec0l-m641994992od-w480_h360_x2.webp?w=1080&q=75, http://ap.rdcpix.com/36e5ab9723ef1862d469ed41ffdbfec0l-m3451018482od-w480_h360_x2.webp?w=1080&q=75, http://ap.rdcpix.com/36e5ab9723ef1862d469ed41ffdbfec0l-m2460532876od-w480_h360_x2.webp?w=1080&q=75, http://ap.rdcpix.com/36e5ab9723ef1862d469ed41ffdbfec0l-m3416196254od-w480_h360_x2.webp?w=1080&q=75, http://ap.rdcpix.com/36e5ab9723ef1862d469ed41ffdbfec0l-m221827679od-w480_h360_x2.webp?w=1080&q=75, http://ap.rdcpix.com/36e5ab9723ef1862d469ed41ffdbfec0l-m1896568503od-w480_h360_x2.webp?w=1080&q=75, http://ap.rdcpix.com/36e5ab9723ef1862d469ed41ffdbfec0l-m1239694507od-w480_h360_x2.webp?w=1080&q=75, http://ap.rdcpix.com/36e5ab9723ef1862d469ed41ffdbfec0l-m2334728956od-w480_h360_x2.webp?w=1080&q=75, http://ap.rdcpix.com/36e5ab9723ef1862d469ed41ffdbfec0l-m1721879073od-w480_h360_x2.webp?w=1080&q=75, http://ap.rdcpix.com/36e5ab9723ef1862d469ed41ffdbfec0l-m3370079029od-w480_h360_x2.webp?w=1080&q=75, http://ap.rdcpix.com/36e5ab9723ef1862d469ed41ffdbfec0l-m281202316od-w480_h360_x2.webp?w=1080&q=75, http://ap.rdcpix.com/36e5ab9723ef1862d469ed41ffdbfec0l-m2355862915od-w480_h360_x2.webp?w=1080&q=75, http://ap.rdcpix.com/36e5ab9723ef1862d469ed41ffdbfec0l-m90425999od-w480_h360_x2.webp?w=1080&q=75, http://ap.rdcpix.com/36e5ab9723ef1862d469ed41ffdbfec0l-m3960658723od-w480_h360_x2.webp?w=1080&q=75, http://ap.rdcpix.com/36e5ab9723ef1862d469ed41ffdbfec0l-m2914328372od-w480_h360_x2.webp?w=1080&q=75, http://ap.rdcpix.com/36e5ab9723ef1862d469ed41ffdbfec0l-m3977738767od-w480_h360_x2.webp?w=1080&q=75"
https://www.realtor.com/realestateandhomes-detail/1079906898,SEWA,2334443,SOLD,"Welcome to Spieden Pl! This well maintained 4 bed / 2.5 bath home is conveniently located in the coveted Highland community in Whatcom Falls just minutes to parks, schools, shopping, and dining. The lot is .27 acres with a fabulous porch in a serene backyard with privacy trees. The house features 2021 roof, newer central A/C, newer exterior paint, vaulted ceilings, huge windows, walk-in pantry, 3 car garage, huge windows, and more. The main floor primary suite contains an en suite bath with separate tub, walk-in closet, and huge windows. With a separate living/family room and a separate formal dining you'll have plenty of space for entertaining inside and out. The upstairs contains 3 more bedrooms and a full bath.",SINGLE_FAMILY,804  Spieden Pl,,Bellingham,WA,98229,4,2,1,2394,2004,60,1010000,2025-02-21,980000,2025-04-22,11761,409,48.735584,-122.44597,Whatcom Falls,Whatcom,53073,2,0,3,,,,"Bellingham Public Schools, Northwest Educational Service District 189",http://ap.rdcpix.com/af8091a448e88ef92c0bd2ef32c1ca18l-m999699717od-w480_h360_x2.webp?w=1080&q=75,"http://ap.rdcpix.com/af8091a448e88ef92c0bd2ef32c1ca18l-m999699717od-w480_h360_x2.webp?w=1080&q=75, http://ap.rdcpix.com/af8091a448e88ef92c0bd2ef32c1ca18l-m3394754924od-w480_h360_x2.webp?w=1080&q=75, http://ap.rdcpix.com/af8091a448e88ef92c0bd2ef32c1ca18l-m2788614185od-w480_h360_x2.webp?w=1080&q=75, http://ap.rdcpix.com/af8091a448e88ef92c0bd2ef32c1ca18l-m1286305823od-w480_h360_x2.webp?w=1080&q=75, http://ap.rdcpix.com/af8091a448e88ef92c0bd2ef32c1ca18l-m2694013669od-w480_h360_x2.webp?w=1080&q=75, http://ap.rdcpix.com/af8091a448e88ef92c0bd2ef32c1ca18l-m3863788266od-w480_h360_x2.webp?w=1080&q=75, http://ap.rdcpix.com/af8091a448e88ef92c0bd2ef32c1ca18l-m296024239od-w480_h360_x2.webp?w=1080&q=75, http://ap.rdcpix.com/af8091a448e88ef92c0bd2ef32c1ca18l-m2661835545od-w480_h360_x2.webp?w=1080&q=75, http://ap.rdcpix.com/af8091a448e88ef92c0bd2ef32c1ca18l-m209440229od-w480_h360_x2.webp?w=1080&q=75, http://ap.rdcpix.com/af8091a448e88ef92c0bd2ef32c1ca18l-m569158315od-w480_h360_x2.webp?w=1080&q=75, http://ap.rdcpix.com/af8091a448e88ef92c0bd2ef32c1ca18l-m3855002061od-w480_h360_x2.webp?w=1080&q=75, http://ap.rdcpix.com/af8091a448e88ef92c0bd2ef32c1ca18l-m2442753994od-w480_h360_x2.webp?w=1080&q=75, http://ap.rdcpix.com/af8091a448e88ef92c0bd2ef32c1ca18l-m3055603852od-w480_h360_x2.webp?w=1080&q=75, http://ap.rdcpix.com/af8091a448e88ef92c0bd2ef32c1ca18l-m3502746557od-w480_h360_x2.webp?w=1080&q=75, http://ap.rdcpix.com/af8091a448e88ef92c0bd2ef32c1ca18l-m2705375068od-w480_h360_x2.webp?w=1080&q=75, http://ap.rdcpix.com/af8091a448e88ef92c0bd2ef32c1ca18l-m2722994884od-w480_h360_x2.webp?w=1080&q=75, http://ap.rdcpix.com/af8091a448e88ef92c0bd2ef32c1ca18l-m670701468od-w480_h360_x2.webp?w=1080&q=75, http://ap.rdcpix.com/af8091a448e88ef92c0bd2ef32c1ca18l-m1375743425od-w480_h360_x2.webp?w=1080&q=75, http://ap.rdcpix.com/af8091a448e88ef92c0bd2ef32c1ca18l-m454399672od-w480_h360_x2.webp?w=1080&q=75, http://ap.rdcpix.com/af8091a448e88ef92c0bd2ef32c1ca18l-m3798985304od-w480_h360_x2.webp?w=1080&q=75, http://ap.rdcpix.com/af8091a448e88ef92c0bd2ef32c1ca18l-m2787338149od-w480_h360_x2.webp?w=1080&q=75, http://ap.rdcpix.com/af8091a448e88ef92c0bd2ef32c1ca18l-m1193872581od-w480_h360_x2.webp?w=1080&q=75, http://ap.rdcpix.com/af8091a448e88ef92c0bd2ef32c1ca18l-m1875990025od-w480_h360_x2.webp?w=1080&q=75, http://ap.rdcpix.com/af8091a448e88ef92c0bd2ef32c1ca18l-m3710267279od-w480_h360_x2.webp?w=1080&q=75, http://ap.rdcpix.com/af8091a448e88ef92c0bd2ef32c1ca18l-m1782551060od-w480_h360_x2.webp?w=1080&q=75, http://ap.rdcpix.com/af8091a448e88ef92c0bd2ef32c1ca18l-m3347738105od-w480_h360_x2.webp?w=1080&q=75, http://ap.rdcpix.com/af8091a448e88ef92c0bd2ef32c1ca18l-m2800336942od-w480_h360_x2.webp?w=1080&q=75, http://ap.rdcpix.com/af8091a448e88ef92c0bd2ef32c1ca18l-m2562448846od-w480_h360_x2.webp?w=1080&q=75, http://ap.rdcpix.com/af8091a448e88ef92c0bd2ef32c1ca18l-m158787002od-w480_h360_x2.webp?w=1080&q=75, http://ap.rdcpix.com/af8091a448e88ef92c0bd2ef32c1ca18l-m316351185od-w480_h360_x2.webp?w=1080&q=75, http://ap.rdcpix.com/af8091a448e88ef92c0bd2ef32c1ca18l-m1147757788od-w480_h360_x2.webp?w=1080&q=75, http://ap.rdcpix.com/af8091a448e88ef92c0bd2ef32c1ca18l-m2757148296od-w480_h360_x2.webp?w=1080&q=75, http://ap.rdcpix.com/af8091a448e88ef92c0bd2ef32c1ca18l-m320949332od-w480_h360_x2.webp?w=1080&q=75, http://ap.rdcpix.com/af8091a448e88ef92c0bd2ef32c1ca18l-m3353357145od-w480_h360_x2.webp?w=1080&q=75, http://ap.rdcpix.com/af8091a448e88ef92c0bd2ef32c1ca18l-m154923297od-w480_h360_x2.webp?w=1080&q=75, http://ap.rdcpix.com/af8091a448e88ef92c0bd2ef32c1ca18l-m3288497174od-w480_h360_x2.webp?w=1080&q=75, http://ap.rdcpix.com/af8091a448e88ef92c0bd2ef32c1ca18l-m2770129687od-w480_h360_x2.webp?w=1080&q=75, http://ap.rdcpix.com/af8091a448e88ef92c0bd2ef32c1ca18l-m3917768466od-w480_h360_x2.webp?w=1080&q=75, http://ap.rdcpix.com/af8091a448e88ef92c0bd2ef32c1ca18l-m1111240197od-w480_h360_x2.webp?w=1080&q=75, http://ap.rdcpix.com/af8091a448e88ef92c0bd2ef32c1ca18l-m2789227557od-w480_h360_x2.webp?w=1080&q=75"
https://www.realtor.com/realestateandhomes-detail/2240920397,SEWA,2355263,SOLD,"This home is located in area of Nooksack that did not flood! This attractive home features a new roof, new furnace, new heat pump, new fully fenced back yard, new interior paint, newer appliances, a large 12 x 36 carport and a detached garage. This home is located in the prime area of original Nooksack, close to restaurants, gas and convenience stores as well as other services. Location has easy access to Nooksack elementary and Middle Schools. Nooksack city park is a block and a half away. Seller will give buyer $10, 000 cash or credit at closing for full price offer. You won't find a better home for the price as either your personal home or a great rental! This opportunity will go quickly... Don't wait!",MOBILE,506 W 1st St,,Nooksack,WA,98276,2,2,,1248,1979,17,359500,2025-04-04,349500,2025-04-21,7405,280,48.926688,-122.3228,,Whatcom,53073,1,0,2,,,,Nooksack Valley School District,http://ap.rdcpix.com/878e3a9c707c646dadfc6b8598221e9fl-m1588546967od-w480_h360_x2.webp?w=1080&q=75,"http://ap.rdcpix.com/878e3a9c707c646dadfc6b8598221e9fl-m1588546967od-w480_h360_x2.webp?w=1080&q=75, http://ap.rdcpix.com/878e3a9c707c646dadfc6b8598221e9fl-m1714095391od-w480_h360_x2.webp?w=1080&q=75, http://ap.rdcpix.com/878e3a9c707c646dadfc6b8598221e9fl-m910645478od-w480_h360_x2.webp?w=1080&q=75, http://ap.rdcpix.com/878e3a9c707c646dadfc6b8598221e9fl-m2159528035od-w480_h360_x2.webp?w=1080&q=75, http://ap.rdcpix.com/878e3a9c707c646dadfc6b8598221e9fl-m990934770od-w480_h360_x2.webp?w=1080&q=75, http://ap.rdcpix.com/878e3a9c707c646dadfc6b8598221e9fl-m1553022073od-w480_h360_x2.webp?w=1080&q=75, http://ap.rdcpix.com/878e3a9c707c646dadfc6b8598221e9fl-m2750853913od-w480_h360_x2.webp?w=1080&q=75, http://ap.rdcpix.com/878e3a9c707c646dadfc6b8598221e9fl-m3519990331od-w480_h360_x2.webp?w=1080&q=75, http://ap.rdcpix.com/878e3a9c707c646dadfc6b8598221e9fl-m3627521619od-w480_h360_x2.webp?w=1080&q=75, http://ap.rdcpix.com/878e3a9c707c646dadfc6b8598221e9fl-m3245135557od-w480_h360_x2.webp?w=1080&q=75, http://ap.rdcpix.com/878e3a9c707c646dadfc6b8598221e9fl-m1109652884od-w480_h360_x2.webp?w=1080&q=75, http://ap.rdcpix.com/878e3a9c707c646dadfc6b8598221e9fl-m3459421075od-w480_h360_x2.webp?w=1080&q=75, http://ap.rdcpix.com/878e3a9c707c646dadfc6b8598221e9fl-m793425913od-w480_h360_x2.webp?w=1080&q=75, http://ap.rdcpix.com/878e3a9c707c646dadfc6b8598221e9fl-m1377120181od-w480_h360_x2.webp?w=1080&q=75, http://ap.rdcpix.com/878e3a9c707c646dadfc6b8598221e9fl-m2251217101od-w480_h360_x2.webp?w=1080&q=75, http://ap.rdcpix.com/878e3a9c707c646dadfc6b8598221e9fl-m746519240od-w480_h360_x2.webp?w=1080&q=75, http://ap.rdcpix.com/878e3a9c707c646dadfc6b8598221e9fl-m439702232od-w480_h360_x2.webp?w=1080&q=75, http://ap.rdcpix.com/878e3a9c707c646dadfc6b8598221e9fl-m3840693670od-w480_h360_x2.webp?w=1080&q=75, http://ap.rdcpix.com/878e3a9c707c646dadfc6b8598221e9fl-m881478227od-w480_h360_x2.webp?w=1080&q=75, http://ap.rdcpix.com/878e3a9c707c646dadfc6b8598221e9fl-m1653927665od-w480_h360_x2.webp?w=1080&q=75, http://ap.rdcpix.com/878e3a9c707c646dadfc6b8598221e9fl-m1298972960od-w480_h360_x2.webp?w=1080&q=75"
https://www.realtor.com/realestateandhomes-detail/1839571730,SEWA,2346446,SOLD,"Welcome to premier 55+ Living in Cordata! Enjoy the comfort and feel of a house without the maintenance in this top-floor condo (with elevator access) in the gated El Dorado community. This 1, 530 sq. ft. home features 3 generous bedrooms (one used as an office with a built-in desk), 1.75 baths, radiant floor heating, vaulted 10 ft. ceilings, an open kitchen and dining area with granite countertops, and a newer gas fireplace and water heater. Relax on two private decksone overlooking a peaceful greenbelt. Includes a personal one-car garage and amenities like a clubhouse, greenhouse, beautiful landscaping, dog run, and two rentable condos for guests. Secure, pet-friendly, and close to shopping, trails, and parks! Peaceful lifestyle awaits!",CONDOS,4559  El Dorado Way,Unit 227,Bellingham,WA,98226,3,1,,1530,2004,32,565000,2025-03-20,560000,2025-04-21,10903,366,48.806322,-122.498783,Cordata,Whatcom,53073,1,729,1,,,,"Northwest Educational Service District 189, Meridian School District",http://ap.rdcpix.com/533a06086169780aa5c2a23ad906f951l-m1442196161od-w480_h360_x2.webp?w=1080&q=75,"http://ap.rdcpix.com/533a06086169780aa5c2a23ad906f951l-m1442196161od-w480_h360_x2.webp?w=1080&q=75, http://ap.rdcpix.com/533a06086169780aa5c2a23ad906f951l-m1460594384od-w480_h360_x2.webp?w=1080&q=75, http://ap.rdcpix.com/533a06086169780aa5c2a23ad906f951l-m1858170668od-w480_h360_x2.webp?w=1080&q=75, http://ap.rdcpix.com/533a06086169780aa5c2a23ad906f951l-m368229273od-w480_h360_x2.webp?w=1080&q=75, http://ap.rdcpix.com/533a06086169780aa5c2a23ad906f951l-m3049759107od-w480_h360_x2.webp?w=1080&q=75, http://ap.rdcpix.com/533a06086169780aa5c2a23ad906f951l-m2622008292od-w480_h360_x2.webp?w=1080&q=75, http://ap.rdcpix.com/533a06086169780aa5c2a23ad906f951l-m3991333174od-w480_h360_x2.webp?w=1080&q=75, http://ap.rdcpix.com/533a06086169780aa5c2a23ad906f951l-m1896531025od-w480_h360_x2.webp?w=1080&q=75, http://ap.rdcpix.com/533a06086169780aa5c2a23ad906f951l-m579966394od-w480_h360_x2.webp?w=1080&q=75, http://ap.rdcpix.com/533a06086169780aa5c2a23ad906f951l-m2792841808od-w480_h360_x2.webp?w=1080&q=75, http://ap.rdcpix.com/533a06086169780aa5c2a23ad906f951l-m1703195385od-w480_h360_x2.webp?w=1080&q=75, http://ap.rdcpix.com/533a06086169780aa5c2a23ad906f951l-m937971781od-w480_h360_x2.webp?w=1080&q=75, http://ap.rdcpix.com/533a06086169780aa5c2a23ad906f951l-m514631770od-w480_h360_x2.webp?w=1080&q=75, http://ap.rdcpix.com/533a06086169780aa5c2a23ad906f951l-m1782417925od-w480_h360_x2.webp?w=1080&q=75, http://ap.rdcpix.com/533a06086169780aa5c2a23ad906f951l-m3519508840od-w480_h360_x2.webp?w=1080&q=75, http://ap.rdcpix.com/533a06086169780aa5c2a23ad906f951l-m469847414od-w480_h360_x2.webp?w=1080&q=75, http://ap.rdcpix.com/533a06086169780aa5c2a23ad906f951l-m4255548057od-w480_h360_x2.webp?w=1080&q=75, http://ap.rdcpix.com/533a06086169780aa5c2a23ad906f951l-m3114946471od-w480_h360_x2.webp?w=1080&q=75, http://ap.rdcpix.com/533a06086169780aa5c2a23ad906f951l-m2419594777od-w480_h360_x2.webp?w=1080&q=75, http://ap.rdcpix.com/533a06086169780aa5c2a23ad906f951l-m2076034374od-w480_h360_x2.webp?w=1080&q=75, http://ap.rdcpix.com/533a06086169780aa5c2a23ad906f951l-m793729449od-w480_h360_x2.webp?w=1080&q=75, http://ap.rdcpix.com/533a06086169780aa5c2a23ad906f951l-m3251855874od-w480_h360_x2.webp?w=1080&q=75, http://ap.rdcpix.com/533a06086169780aa5c2a23ad906f951l-m1807274108od-w480_h360_x2.webp?w=1080&q=75, http://ap.rdcpix.com/533a06086169780aa5c2a23ad906f951l-m2001665334od-w480_h360_x2.webp?w=1080&q=75, http://ap.rdcpix.com/533a06086169780aa5c2a23ad906f951l-m1843213311od-w480_h360_x2.webp?w=1080&q=75, http://ap.rdcpix.com/533a06086169780aa5c2a23ad906f951l-m2923914985od-w480_h360_x2.webp?w=1080&q=75, http://ap.rdcpix.com/533a06086169780aa5c2a23ad906f951l-m1811425718od-w480_h360_x2.webp?w=1080&q=75, http://ap.rdcpix.com/533a06086169780aa5c2a23ad906f951l-m2891541160od-w480_h360_x2.webp?w=1080&q=75, http://ap.rdcpix.com/533a06086169780aa5c2a23ad906f951l-m3471531847od-w480_h360_x2.webp?w=1080&q=75, http://ap.rdcpix.com/533a06086169780aa5c2a23ad906f951l-m1855426864od-w480_h360_x2.webp?w=1080&q=75, http://ap.rdcpix.com/533a06086169780aa5c2a23ad906f951l-m1647313209od-w480_h360_x2.webp?w=1080&q=75, http://ap.rdcpix.com/533a06086169780aa5c2a23ad906f951l-m2914450084od-w480_h360_x2.webp?w=1080&q=75, http://ap.rdcpix.com/533a06086169780aa5c2a23ad906f951l-m208379808od-w480_h360_x2.webp?w=1080&q=75, http://ap.rdcpix.com/533a06086169780aa5c2a23ad906f951l-m2154885749od-w480_h360_x2.webp?w=1080&q=75, http://ap.rdcpix.com/533a06086169780aa5c2a23ad906f951l-m938705786od-w480_h360_x2.webp?w=1080&q=75, http://ap.rdcpix.com/533a06086169780aa5c2a23ad906f951l-m3674143749od-w480_h360_x2.webp?w=1080&q=75"
https://www.realtor.com/realestateandhomes-detail/9662135317,SEWA,2340581,SOLD,"Experience modern elegance in this home that is perfectly situated along the serene Padden Creek in the coveted Fairhaven neighborhood. The chefs kitchen boasts top-of-the-line Thermador appliances, a butlers pantry, and custom millwork, defining sophisticated living. An open-concept layout allows for effortless flow and floods the home with natural light. Spacious bedrooms and spa-like bathrooms showcase impeccable custom tile work. The covered, heated patio offers year-round outdoor entertaining with peaceful creekside views. Just moments from Fairhavens vibrant amenities, this home delivers the ideal balance of luxury and convenience.",SINGLE_FAMILY,1507  8th St,,Bellingham,WA,98225,3,1,1,2318,2024,31,1475000,2025-03-22,1475000,2025-04-22,7405,636,48.718147,-122.506409,Fairhaven,Whatcom,53073,3,0,2,,,,Bellingham Public Schools,http://ap.rdcpix.com/7b56029227466dfd04f14e5ec80bdda8l-m109595903od-w480_h360_x2.webp?w=1080&q=75,"http://ap.rdcpix.com/7b56029227466dfd04f14e5ec80bdda8l-m109595903od-w480_h360_x2.webp?w=1080&q=75, http://ap.rdcpix.com/7b56029227466dfd04f14e5ec80bdda8l-m1272999324od-w480_h360_x2.webp?w=1080&q=75, http://ap.rdcpix.com/7b56029227466dfd04f14e5ec80bdda8l-m669393931od-w480_h360_x2.webp?w=1080&q=75, http://ap.rdcpix.com/7b56029227466dfd04f14e5ec80bdda8l-m1146674415od-w480_h360_x2.webp?w=1080&q=75, http://ap.rdcpix.com/7b56029227466dfd04f14e5ec80bdda8l-m4050132441od-w480_h360_x2.webp?w=1080&q=75, http://ap.rdcpix.com/7b56029227466dfd04f14e5ec80bdda8l-m1083266635od-w480_h360_x2.webp?w=1080&q=75, http://ap.rdcpix.com/7b56029227466dfd04f14e5ec80bdda8l-m222645272od-w480_h360_x2.webp?w=1080&q=75, http://ap.rdcpix.com/7b56029227466dfd04f14e5ec80bdda8l-m714838019od-w480_h360_x2.webp?w=1080&q=75, http://ap.rdcpix.com/7b56029227466dfd04f14e5ec80bdda8l-m1056046237od-w480_h360_x2.webp?w=1080&q=75, http://ap.rdcpix.com/7b56029227466dfd04f14e5ec80bdda8l-m2333043516od-w480_h360_x2.webp?w=1080&q=75, http://ap.rdcpix.com/7b56029227466dfd04f14e5ec80bdda8l-m3236622149od-w480_h360_x2.webp?w=1080&q=75, http://ap.rdcpix.com/7b56029227466dfd04f14e5ec80bdda8l-m1129503126od-w480_h360_x2.webp?w=1080&q=75, http://ap.rdcpix.com/7b56029227466dfd04f14e5ec80bdda8l-m3475432903od-w480_h360_x2.webp?w=1080&q=75, http://ap.rdcpix.com/7b56029227466dfd04f14e5ec80bdda8l-m2990925003od-w480_h360_x2.webp?w=1080&q=75, http://ap.rdcpix.com/7b56029227466dfd04f14e5ec80bdda8l-m2743778284od-w480_h360_x2.webp?w=1080&q=75, http://ap.rdcpix.com/7b56029227466dfd04f14e5ec80bdda8l-m2876716542od-w480_h360_x2.webp?w=1080&q=75, http://ap.rdcpix.com/7b56029227466dfd04f14e5ec80bdda8l-m2232213106od-w480_h360_x2.webp?w=1080&q=75, http://ap.rdcpix.com/7b56029227466dfd04f14e5ec80bdda8l-m4239738358od-w480_h360_x2.webp?w=1080&q=75, http://ap.rdcpix.com/7b56029227466dfd04f14e5ec80bdda8l-m2608079371od-w480_h360_x2.webp?w=1080&q=75, http://ap.rdcpix.com/7b56029227466dfd04f14e5ec80bdda8l-m2852176008od-w480_h360_x2.webp?w=1080&q=75, http://ap.rdcpix.com/7b56029227466dfd04f14e5ec80bdda8l-m4163614088od-w480_h360_x2.webp?w=1080&q=75, http://ap.rdcpix.com/7b56029227466dfd04f14e5ec80bdda8l-m2286053029od-w480_h360_x2.webp?w=1080&q=75, http://ap.rdcpix.com/7b56029227466dfd04f14e5ec80bdda8l-m3722428882od-w480_h360_x2.webp?w=1080&q=75, http://ap.rdcpix.com/7b56029227466dfd04f14e5ec80bdda8l-m2649898111od-w480_h360_x2.webp?w=1080&q=75, http://ap.rdcpix.com/7b56029227466dfd04f14e5ec80bdda8l-m1084415588od-w480_h360_x2.webp?w=1080&q=75, http://ap.rdcpix.com/7b56029227466dfd04f14e5ec80bdda8l-m2115204246od-w480_h360_x2.webp?w=1080&q=75, http://ap.rdcpix.com/7b56029227466dfd04f14e5ec80bdda8l-m1410491138od-w480_h360_x2.webp?w=1080&q=75, http://ap.rdcpix.com/7b56029227466dfd04f14e5ec80bdda8l-m4134365494od-w480_h360_x2.webp?w=1080&q=75, http://ap.rdcpix.com/7b56029227466dfd04f14e5ec80bdda8l-m48914721od-w480_h360_x2.webp?w=1080&q=75, http://ap.rdcpix.com/7b56029227466dfd04f14e5ec80bdda8l-m2507883789od-w480_h360_x2.webp?w=1080&q=75, http://ap.rdcpix.com/7b56029227466dfd04f14e5ec80bdda8l-m3476734109od-w480_h360_x2.webp?w=1080&q=75, http://ap.rdcpix.com/7b56029227466dfd04f14e5ec80bdda8l-m3050488795od-w480_h360_x2.webp?w=1080&q=75, http://ap.rdcpix.com/7b56029227466dfd04f14e5ec80bdda8l-m1727468681od-w480_h360_x2.webp?w=1080&q=75, http://ap.rdcpix.com/7b56029227466dfd04f14e5ec80bdda8l-m2868148359od-w480_h360_x2.webp?w=1080&q=75, http://ap.rdcpix.com/7b56029227466dfd04f14e5ec80bdda8l-m4009315630od-w480_h360_x2.webp?w=1080&q=75, http://ap.rdcpix.com/7b56029227466dfd04f14e5ec80bdda8l-m3558177224od-w480_h360_x2.webp?w=1080&q=75, http://ap.rdcpix.com/7b56029227466dfd04f14e5ec80bdda8l-m1660845038od-w480_h360_x2.webp?w=1080&q=75, http://ap.rdcpix.com/7b56029227466dfd04f14e5ec80bdda8l-m676435341od-w480_h360_x2.webp?w=1080&q=75"
https://www.realtor.com/realestateandhomes-detail/1093176385,SEWA,2347002,SOLD,"Charming 2021 build in Village Green nestled near Galbraith Mtn & Whatcom Falls! This thoughtfully designed residence offers all your essential living space on the main floor, w/ the primary suite & convenient laundry access. With the floorplan over two levels, youll enjoy the luxury of two distinct living areas. The kitchen showcases gorgeous granite countertops, tile backsplash, & upgraded SS appliances. Beautifully crafted hardwood floors span the main level, adding warmth & elegance. Step outside to 2 expansive decks, perfect for entertaining & unwind in your very own sauna on the lower deck. The garage features newer painted floor, providing maximum versatility for your lifestyle. Dont miss this location you have been looking for!",SINGLE_FAMILY,2405  Elmhurst Ct,,Bellingham,WA,98229,3,2,1,2002,2021,32,869900,2025-03-20,855000,2025-04-21,7405,427,48.74164,-122.441879,Whatcom Falls,Whatcom,53073,1,17,2,,,,Bellingham Public Schools,http://ap.rdcpix.com/6234b6a631e3d2db4c904134979b5256l-m291958102od-w480_h360_x2.webp?w=1080&q=75,"http://ap.rdcpix.com/6234b6a631e3d2db4c904134979b5256l-m291958102od-w480_h360_x2.webp?w=1080&q=75, http://ap.rdcpix.com/6234b6a631e3d2db4c904134979b5256l-m420180482od-w480_h360_x2.webp?w=1080&q=75, http://ap.rdcpix.com/6234b6a631e3d2db4c904134979b5256l-m1985641275od-w480_h360_x2.webp?w=1080&q=75, http://ap.rdcpix.com/6234b6a631e3d2db4c904134979b5256l-m1074295773od-w480_h360_x2.webp?w=1080&q=75, http://ap.rdcpix.com/6234b6a631e3d2db4c904134979b5256l-m1739076626od-w480_h360_x2.webp?w=1080&q=75, http://ap.rdcpix.com/6234b6a631e3d2db4c904134979b5256l-m969252619od-w480_h360_x2.webp?w=1080&q=75, http://ap.rdcpix.com/6234b6a631e3d2db4c904134979b5256l-m3980433407od-w480_h360_x2.webp?w=1080&q=75, http://ap.rdcpix.com/6234b6a631e3d2db4c904134979b5256l-m2004314214od-w480_h360_x2.webp?w=1080&q=75, http://ap.rdcpix.com/6234b6a631e3d2db4c904134979b5256l-m3286803694od-w480_h360_x2.webp?w=1080&q=75, http://ap.rdcpix.com/6234b6a631e3d2db4c904134979b5256l-m505877651od-w480_h360_x2.webp?w=1080&q=75, http://ap.rdcpix.com/6234b6a631e3d2db4c904134979b5256l-m2792909654od-w480_h360_x2.webp?w=1080&q=75, http://ap.rdcpix.com/6234b6a631e3d2db4c904134979b5256l-m2318296714od-w480_h360_x2.webp?w=1080&q=75, http://ap.rdcpix.com/6234b6a631e3d2db4c904134979b5256l-m1941510161od-w480_h360_x2.webp?w=1080&q=75, http://ap.rdcpix.com/6234b6a631e3d2db4c904134979b5256l-m2590877659od-w480_h360_x2.webp?w=1080&q=75, http://ap.rdcpix.com/6234b6a631e3d2db4c904134979b5256l-m568656082od-w480_h360_x2.webp?w=1080&q=75, http://ap.rdcpix.com/6234b6a631e3d2db4c904134979b5256l-m3857637253od-w480_h360_x2.webp?w=1080&q=75, http://ap.rdcpix.com/6234b6a631e3d2db4c904134979b5256l-m2657321583od-w480_h360_x2.webp?w=1080&q=75, http://ap.rdcpix.com/6234b6a631e3d2db4c904134979b5256l-m3668072050od-w480_h360_x2.webp?w=1080&q=75, http://ap.rdcpix.com/6234b6a631e3d2db4c904134979b5256l-m4070925530od-w480_h360_x2.webp?w=1080&q=75, http://ap.rdcpix.com/6234b6a631e3d2db4c904134979b5256l-m3597796722od-w480_h360_x2.webp?w=1080&q=75, http://ap.rdcpix.com/6234b6a631e3d2db4c904134979b5256l-m3164145812od-w480_h360_x2.webp?w=1080&q=75, http://ap.rdcpix.com/6234b6a631e3d2db4c904134979b5256l-m2517768345od-w480_h360_x2.webp?w=1080&q=75, http://ap.rdcpix.com/6234b6a631e3d2db4c904134979b5256l-m1586085399od-w480_h360_x2.webp?w=1080&q=75, http://ap.rdcpix.com/6234b6a631e3d2db4c904134979b5256l-m3392022107od-w480_h360_x2.webp?w=1080&q=75, http://ap.rdcpix.com/6234b6a631e3d2db4c904134979b5256l-m1552332743od-w480_h360_x2.webp?w=1080&q=75, http://ap.rdcpix.com/6234b6a631e3d2db4c904134979b5256l-m291403670od-w480_h360_x2.webp?w=1080&q=75, http://ap.rdcpix.com/6234b6a631e3d2db4c904134979b5256l-m724000990od-w480_h360_x2.webp?w=1080&q=75, http://ap.rdcpix.com/6234b6a631e3d2db4c904134979b5256l-m3478137989od-w480_h360_x2.webp?w=1080&q=75, http://ap.rdcpix.com/6234b6a631e3d2db4c904134979b5256l-m271723184od-w480_h360_x2.webp?w=1080&q=75, http://ap.rdcpix.com/6234b6a631e3d2db4c904134979b5256l-m3062992216od-w480_h360_x2.webp?w=1080&q=75, http://ap.rdcpix.com/6234b6a631e3d2db4c904134979b5256l-m2079260562od-w480_h360_x2.webp?w=1080&q=75, http://ap.rdcpix.com/6234b6a631e3d2db4c904134979b5256l-m540870007od-w480_h360_x2.webp?w=1080&q=75, http://ap.rdcpix.com/6234b6a631e3d2db4c904134979b5256l-m114118937od-w480_h360_x2.webp?w=1080&q=75, http://ap.rdcpix.com/6234b6a631e3d2db4c904134979b5256l-m162599358od-w480_h360_x2.webp?w=1080&q=75, http://ap.rdcpix.com/6234b6a631e3d2db4c904134979b5256l-m1460533017od-w480_h360_x2.webp?w=1080&q=75, http://ap.rdcpix.com/6234b6a631e3d2db4c904134979b5256l-m1266046772od-w480_h360_x2.webp?w=1080&q=75"
https://www.realtor.com/realestateandhomes-detail/1179855900,SEWA,2316710,SOLD,"Downtown Bellingham Living at Its Best! Experience the vibrant lifestyle of Downtown Bellingham in this highly sought-after corner unit at Morse Square. With a prime location overlooking the Farmers Market and Railroad Avenue walkway, this unit offers both convenience and charm. Enjoy a secure lobby entrance, indoor parking, and a fantastic walkability score. Step outside your door to explore the thriving downtown scene with easy access to the waterfront, local restaurants, breweries, and boutique shopping. Just steps from the Western Washington University campus, this property is not only a perfect place to call home but also a solid investment opportunity. Dont miss the chance to own this gem in the heart of Bellingham!",CONDOS,1015  Railroad Ave,Unit 219,Bellingham,WA,98225,2,2,,834,2005,125,499000,2024-12-17,478000,2025-04-21,,573,48.74671,-122.482174,"City Center Bellingham, Downtown District Bellingham",Whatcom,53073,1,559,,,,,"Bellingham Public Schools, Northwest Educational Service District 189",http://ap.rdcpix.com/02ea3db13af0096c6a5e4ade1ad99c7cl-m3315923445od-w480_h360_x2.webp?w=1080&q=75,"http://ap.rdcpix.com/02ea3db13af0096c6a5e4ade1ad99c7cl-m3315923445od-w480_h360_x2.webp?w=1080&q=75, http://ap.rdcpix.com/02ea3db13af0096c6a5e4ade1ad99c7cl-m3479438242od-w480_h360_x2.webp?w=1080&q=75, http://ap.rdcpix.com/02ea3db13af0096c6a5e4ade1ad99c7cl-m680673215od-w480_h360_x2.webp?w=1080&q=75, http://ap.rdcpix.com/02ea3db13af0096c6a5e4ade1ad99c7cl-m547932545od-w480_h360_x2.webp?w=1080&q=75, http://ap.rdcpix.com/02ea3db13af0096c6a5e4ade1ad99c7cl-m3923917627od-w480_h360_x2.webp?w=1080&q=75, http://ap.rdcpix.com/02ea3db13af0096c6a5e4ade1ad99c7cl-m3314355789od-w480_h360_x2.webp?w=1080&q=75, http://ap.rdcpix.com/02ea3db13af0096c6a5e4ade1ad99c7cl-m3091767896od-w480_h360_x2.webp?w=1080&q=75, http://ap.rdcpix.com/02ea3db13af0096c6a5e4ade1ad99c7cl-m2998493485od-w480_h360_x2.webp?w=1080&q=75, http://ap.rdcpix.com/02ea3db13af0096c6a5e4ade1ad99c7cl-m1847368212od-w480_h360_x2.webp?w=1080&q=75, http://ap.rdcpix.com/02ea3db13af0096c6a5e4ade1ad99c7cl-m3307057469od-w480_h360_x2.webp?w=1080&q=75, http://ap.rdcpix.com/02ea3db13af0096c6a5e4ade1ad99c7cl-m3159126621od-w480_h360_x2.webp?w=1080&q=75, http://ap.rdcpix.com/02ea3db13af0096c6a5e4ade1ad99c7cl-m1669812145od-w480_h360_x2.webp?w=1080&q=75, http://ap.rdcpix.com/02ea3db13af0096c6a5e4ade1ad99c7cl-m1006405846od-w480_h360_x2.webp?w=1080&q=75, http://ap.rdcpix.com/02ea3db13af0096c6a5e4ade1ad99c7cl-m3611535772od-w480_h360_x2.webp?w=1080&q=75, http://ap.rdcpix.com/02ea3db13af0096c6a5e4ade1ad99c7cl-m2835467051od-w480_h360_x2.webp?w=1080&q=75, http://ap.rdcpix.com/02ea3db13af0096c6a5e4ade1ad99c7cl-m1378862199od-w480_h360_x2.webp?w=1080&q=75, http://ap.rdcpix.com/02ea3db13af0096c6a5e4ade1ad99c7cl-m3279958506od-w480_h360_x2.webp?w=1080&q=75, http://ap.rdcpix.com/02ea3db13af0096c6a5e4ade1ad99c7cl-m1427512745od-w480_h360_x2.webp?w=1080&q=75, http://ap.rdcpix.com/02ea3db13af0096c6a5e4ade1ad99c7cl-m3181194320od-w480_h360_x2.webp?w=1080&q=75, http://ap.rdcpix.com/02ea3db13af0096c6a5e4ade1ad99c7cl-m1800240228od-w480_h360_x2.webp?w=1080&q=75, http://ap.rdcpix.com/02ea3db13af0096c6a5e4ade1ad99c7cl-m2174012292od-w480_h360_x2.webp?w=1080&q=75, http://ap.rdcpix.com/02ea3db13af0096c6a5e4ade1ad99c7cl-m1398086053od-w480_h360_x2.webp?w=1080&q=75, http://ap.rdcpix.com/02ea3db13af0096c6a5e4ade1ad99c7cl-m3281743195od-w480_h360_x2.webp?w=1080&q=75, http://ap.rdcpix.com/02ea3db13af0096c6a5e4ade1ad99c7cl-m3503578355od-w480_h360_x2.webp?w=1080&q=75, http://ap.rdcpix.com/02ea3db13af0096c6a5e4ade1ad99c7cl-m2615150379od-w480_h360_x2.webp?w=1080&q=75, http://ap.rdcpix.com/02ea3db13af0096c6a5e4ade1ad99c7cl-m1501845599od-w480_h360_x2.webp?w=1080&q=75, http://ap.rdcpix.com/02ea3db13af0096c6a5e4ade1ad99c7cl-m935209360od-w480_h360_x2.webp?w=1080&q=75, http://ap.rdcpix.com/02ea3db13af0096c6a5e4ade1ad99c7cl-m488857150od-w480_h360_x2.webp?w=1080&q=75, http://ap.rdcpix.com/02ea3db13af0096c6a5e4ade1ad99c7cl-m2054724890od-w480_h360_x2.webp?w=1080&q=75, http://ap.rdcpix.com/02ea3db13af0096c6a5e4ade1ad99c7cl-m3215487142od-w480_h360_x2.webp?w=1080&q=75, http://ap.rdcpix.com/02ea3db13af0096c6a5e4ade1ad99c7cl-m388781538od-w480_h360_x2.webp?w=1080&q=75"
https://www.realtor.com/realestateandhomes-detail/9130606631,SEWA,2312864,SOLD,"Conveniently located close to Bellingham & the border, this smartly designed Hemingway starts with a welcoming covered porch that opens to a grand entrance; a quiet study with French doors; a great room with gas fireplace; a gourmet kitchen with quartz counters, 5-burner gas cooktop, built-in ovens, spacious center island, walk-in pantry & charming sunroom. Upstairs, you'll find an expansive loft, a beautiful primary showcasing a large walk-in closet & deluxe bath, convenient laundry rm, 3 secondary bedrooms. Extras: landscaping, irrigation, fencing, airy 9 ft ceilings, central A/C, EV charger & more! If you are working w/a licensed broker, please register your broker on your 1st visit per our site reg policy.",SINGLE_FAMILY,2421  Buckboard Ln,Unit 10,Ferndale,WA,98248,4,2,1,2759,2025,149,779990,2024-11-23,779990,2025-04-21,5329,283,48.844559,-122.613831,,Whatcom,53073,2,84,2,,,,Ferndale School District,http://ap.rdcpix.com/772c12fe1bbfc1c148cc8f648c16ba65l-m351155465od-w480_h360_x2.webp?w=1080&q=75,"http://ap.rdcpix.com/772c12fe1bbfc1c148cc8f648c16ba65l-m351155465od-w480_h360_x2.webp?w=1080&q=75, http://ap.rdcpix.com/772c12fe1bbfc1c148cc8f648c16ba65l-m817494009od-w480_h360_x2.webp?w=1080&q=75, http://ap.rdcpix.com/772c12fe1bbfc1c148cc8f648c16ba65l-m3911110884od-w480_h360_x2.webp?w=1080&q=75, http://ap.rdcpix.com/772c12fe1bbfc1c148cc8f648c16ba65l-m3677369703od-w480_h360_x2.webp?w=1080&q=75, http://ap.rdcpix.com/772c12fe1bbfc1c148cc8f648c16ba65l-m4226946063od-w480_h360_x2.webp?w=1080&q=75, http://ap.rdcpix.com/772c12fe1bbfc1c148cc8f648c16ba65l-m239598036od-w480_h360_x2.webp?w=1080&q=75, http://ap.rdcpix.com/772c12fe1bbfc1c148cc8f648c16ba65l-m2957365390od-w480_h360_x2.webp?w=1080&q=75, http://ap.rdcpix.com/772c12fe1bbfc1c148cc8f648c16ba65l-m3774179767od-w480_h360_x2.webp?w=1080&q=75, http://ap.rdcpix.com/772c12fe1bbfc1c148cc8f648c16ba65l-m3198605048od-w480_h360_x2.webp?w=1080&q=75, http://ap.rdcpix.com/772c12fe1bbfc1c148cc8f648c16ba65l-m2602674535od-w480_h360_x2.webp?w=1080&q=75, http://ap.rdcpix.com/772c12fe1bbfc1c148cc8f648c16ba65l-m1165729759od-w480_h360_x2.webp?w=1080&q=75, http://ap.rdcpix.com/772c12fe1bbfc1c148cc8f648c16ba65l-m3696900065od-w480_h360_x2.webp?w=1080&q=75, http://ap.rdcpix.com/772c12fe1bbfc1c148cc8f648c16ba65l-m2240728175od-w480_h360_x2.webp?w=1080&q=75, http://ap.rdcpix.com/772c12fe1bbfc1c148cc8f648c16ba65l-m4005642360od-w480_h360_x2.webp?w=1080&q=75, http://ap.rdcpix.com/772c12fe1bbfc1c148cc8f648c16ba65l-m859881955od-w480_h360_x2.webp?w=1080&q=75, http://ap.rdcpix.com/772c12fe1bbfc1c148cc8f648c16ba65l-m3309285293od-w480_h360_x2.webp?w=1080&q=75, http://ap.rdcpix.com/772c12fe1bbfc1c148cc8f648c16ba65l-m3176827830od-w480_h360_x2.webp?w=1080&q=75, http://ap.rdcpix.com/772c12fe1bbfc1c148cc8f648c16ba65l-m477220803od-w480_h360_x2.webp?w=1080&q=75, http://ap.rdcpix.com/772c12fe1bbfc1c148cc8f648c16ba65l-m694838175od-w480_h360_x2.webp?w=1080&q=75, http://ap.rdcpix.com/772c12fe1bbfc1c148cc8f648c16ba65l-m3940192188od-w480_h360_x2.webp?w=1080&q=75, http://ap.rdcpix.com/772c12fe1bbfc1c148cc8f648c16ba65l-m4055145834od-w480_h360_x2.webp?w=1080&q=75, http://ap.rdcpix.com/772c12fe1bbfc1c148cc8f648c16ba65l-m63880761od-w480_h360_x2.webp?w=1080&q=75, http://ap.rdcpix.com/772c12fe1bbfc1c148cc8f648c16ba65l-m2916942971od-w480_h360_x2.webp?w=1080&q=75, http://ap.rdcpix.com/772c12fe1bbfc1c148cc8f648c16ba65l-m3128572027od-w480_h360_x2.webp?w=1080&q=75, http://ap.rdcpix.com/772c12fe1bbfc1c148cc8f648c16ba65l-m1733502990od-w480_h360_x2.webp?w=1080&q=75, http://ap.rdcpix.com/772c12fe1bbfc1c148cc8f648c16ba65l-m2256206788od-w480_h360_x2.webp?w=1080&q=75"
https://www.realtor.com/realestateandhomes-detail/9161775254,SEWA,2349230,SOLD,"Welcome home to this nearly-new 2023-build, offering 4 bedrooms, 2 bathrooms, and a prime corner lot location! This single-level home features an open-concept layout with natural light and plenty of room to entertain. In the kitchen, you'll find a large island, quartz countertops, a pantry, and access to the oversized laundry room. The primary suite is complete with a generous ensuite bathroom and a walk-in closet. Outside, the fully fenced backyard is ready for summer barbecues or gardening, all while enjoying stunning mountain views. Plus, with A/C, youll stay comfortable year-round. Make yourself at home in this adorable, affordable, and peaceful new Maple Falls community!",SINGLE_FAMILY,8289  Balfour Valley Ln,,Maple Falls,WA,98266,4,1,,1499,2023,25,470000,2025-03-27,465000,2025-04-21,9583,310,48.938341,-122.151407,,Whatcom,53073,1,0,2,,,,Mount Baker School District,http://ap.rdcpix.com/d23a9d0ea990421ef875b96e433d7494l-m1827763842od-w480_h360_x2.webp?w=1080&q=75,"http://ap.rdcpix.com/d23a9d0ea990421ef875b96e433d7494l-m1827763842od-w480_h360_x2.webp?w=1080&q=75, http://ap.rdcpix.com/d23a9d0ea990421ef875b96e433d7494l-m3984562675od-w480_h360_x2.webp?w=1080&q=75, http://ap.rdcpix.com/d23a9d0ea990421ef875b96e433d7494l-m1122083299od-w480_h360_x2.webp?w=1080&q=75, http://ap.rdcpix.com/d23a9d0ea990421ef875b96e433d7494l-m3818404193od-w480_h360_x2.webp?w=1080&q=75, http://ap.rdcpix.com/d23a9d0ea990421ef875b96e433d7494l-m4242434514od-w480_h360_x2.webp?w=1080&q=75, http://ap.rdcpix.com/d23a9d0ea990421ef875b96e433d7494l-m1162485404od-w480_h360_x2.webp?w=1080&q=75, http://ap.rdcpix.com/d23a9d0ea990421ef875b96e433d7494l-m2374116440od-w480_h360_x2.webp?w=1080&q=75, http://ap.rdcpix.com/d23a9d0ea990421ef875b96e433d7494l-m1577937786od-w480_h360_x2.webp?w=1080&q=75, http://ap.rdcpix.com/d23a9d0ea990421ef875b96e433d7494l-m3488335146od-w480_h360_x2.webp?w=1080&q=75, http://ap.rdcpix.com/d23a9d0ea990421ef875b96e433d7494l-m3124508185od-w480_h360_x2.webp?w=1080&q=75, http://ap.rdcpix.com/d23a9d0ea990421ef875b96e433d7494l-m2025013761od-w480_h360_x2.webp?w=1080&q=75, http://ap.rdcpix.com/d23a9d0ea990421ef875b96e433d7494l-m2922512270od-w480_h360_x2.webp?w=1080&q=75, http://ap.rdcpix.com/d23a9d0ea990421ef875b96e433d7494l-m2234551062od-w480_h360_x2.webp?w=1080&q=75, http://ap.rdcpix.com/d23a9d0ea990421ef875b96e433d7494l-m3052944024od-w480_h360_x2.webp?w=1080&q=75, http://ap.rdcpix.com/d23a9d0ea990421ef875b96e433d7494l-m1054531545od-w480_h360_x2.webp?w=1080&q=75, http://ap.rdcpix.com/d23a9d0ea990421ef875b96e433d7494l-m1231070949od-w480_h360_x2.webp?w=1080&q=75, http://ap.rdcpix.com/d23a9d0ea990421ef875b96e433d7494l-m681363343od-w480_h360_x2.webp?w=1080&q=75, http://ap.rdcpix.com/d23a9d0ea990421ef875b96e433d7494l-m202778460od-w480_h360_x2.webp?w=1080&q=75, http://ap.rdcpix.com/d23a9d0ea990421ef875b96e433d7494l-m1846730777od-w480_h360_x2.webp?w=1080&q=75, http://ap.rdcpix.com/d23a9d0ea990421ef875b96e433d7494l-m1870679500od-w480_h360_x2.webp?w=1080&q=75, http://ap.rdcpix.com/d23a9d0ea990421ef875b96e433d7494l-m2266068043od-w480_h360_x2.webp?w=1080&q=75, http://ap.rdcpix.com/d23a9d0ea990421ef875b96e433d7494l-m42465624od-w480_h360_x2.webp?w=1080&q=75, http://ap.rdcpix.com/d23a9d0ea990421ef875b96e433d7494l-m2097475235od-w480_h360_x2.webp?w=1080&q=75, http://ap.rdcpix.com/d23a9d0ea990421ef875b96e433d7494l-m2275062240od-w480_h360_x2.webp?w=1080&q=75, http://ap.rdcpix.com/d23a9d0ea990421ef875b96e433d7494l-m3698934955od-w480_h360_x2.webp?w=1080&q=75"
https://www.realtor.com/realestateandhomes-detail/2870544882,SEWA,2311187,SOLD,"Welcome to this expansive 5 bed 3.5 bathroom home comfortably situated on a quiet cul-de-sac. Fully fenced backyard w/ covered patio backs up to green belt to provide peaceful & private setting. Enjoy the spacious living room with gas fireplace & vaulted ceilings. Bright & open kitchen is perfect for entertaining. Main level primary bedroom with soaker tub & generous size walk-in closet. Have multiple generations with you and need more space or want to help provide an income to your mortgage? Lower level with separate entrance, additional washer & dryer, space for a kitchenette and additional beds/ baths. Central vac throughout for easy cleaning. 2-car garage. Dog run in side yard. Ask about buyer bonus to get lower interest rate!",SINGLE_FAMILY,1418  Cascara Ct,,Ferndale,WA,98248,5,3,1,3223,2012,153,735000,2024-11-19,725000,2025-04-21,10019,225,48.843642,-122.558514,,Whatcom,53073,1,15,2,,,,Ferndale School District,http://ap.rdcpix.com/38f08bbcfa467ee3e67a975b06e78c40l-m783624887od-w480_h360_x2.webp?w=1080&q=75,"http://ap.rdcpix.com/38f08bbcfa467ee3e67a975b06e78c40l-m783624887od-w480_h360_x2.webp?w=1080&q=75, http://ap.rdcpix.com/38f08bbcfa467ee3e67a975b06e78c40l-m1469287225od-w480_h360_x2.webp?w=1080&q=75, http://ap.rdcpix.com/38f08bbcfa467ee3e67a975b06e78c40l-m374598807od-w480_h360_x2.webp?w=1080&q=75, http://ap.rdcpix.com/38f08bbcfa467ee3e67a975b06e78c40l-m3410933919od-w480_h360_x2.webp?w=1080&q=75, http://ap.rdcpix.com/38f08bbcfa467ee3e67a975b06e78c40l-m1672574687od-w480_h360_x2.webp?w=1080&q=75, http://ap.rdcpix.com/38f08bbcfa467ee3e67a975b06e78c40l-m2394526842od-w480_h360_x2.webp?w=1080&q=75, http://ap.rdcpix.com/38f08bbcfa467ee3e67a975b06e78c40l-m326593926od-w480_h360_x2.webp?w=1080&q=75, http://ap.rdcpix.com/38f08bbcfa467ee3e67a975b06e78c40l-m1904089548od-w480_h360_x2.webp?w=1080&q=75, http://ap.rdcpix.com/38f08bbcfa467ee3e67a975b06e78c40l-m994886000od-w480_h360_x2.webp?w=1080&q=75, http://ap.rdcpix.com/38f08bbcfa467ee3e67a975b06e78c40l-m2713938531od-w480_h360_x2.webp?w=1080&q=75, http://ap.rdcpix.com/38f08bbcfa467ee3e67a975b06e78c40l-m3402452925od-w480_h360_x2.webp?w=1080&q=75, http://ap.rdcpix.com/38f08bbcfa467ee3e67a975b06e78c40l-m2304667052od-w480_h360_x2.webp?w=1080&q=75, http://ap.rdcpix.com/38f08bbcfa467ee3e67a975b06e78c40l-m3062962495od-w480_h360_x2.webp?w=1080&q=75, http://ap.rdcpix.com/38f08bbcfa467ee3e67a975b06e78c40l-m457132833od-w480_h360_x2.webp?w=1080&q=75, http://ap.rdcpix.com/38f08bbcfa467ee3e67a975b06e78c40l-m539734068od-w480_h360_x2.webp?w=1080&q=75, http://ap.rdcpix.com/38f08bbcfa467ee3e67a975b06e78c40l-m3666122518od-w480_h360_x2.webp?w=1080&q=75, http://ap.rdcpix.com/38f08bbcfa467ee3e67a975b06e78c40l-m4128463841od-w480_h360_x2.webp?w=1080&q=75, http://ap.rdcpix.com/38f08bbcfa467ee3e67a975b06e78c40l-m1478010174od-w480_h360_x2.webp?w=1080&q=75, http://ap.rdcpix.com/38f08bbcfa467ee3e67a975b06e78c40l-m935891674od-w480_h360_x2.webp?w=1080&q=75, http://ap.rdcpix.com/38f08bbcfa467ee3e67a975b06e78c40l-m2057755532od-w480_h360_x2.webp?w=1080&q=75, http://ap.rdcpix.com/38f08bbcfa467ee3e67a975b06e78c40l-m3206485423od-w480_h360_x2.webp?w=1080&q=75, http://ap.rdcpix.com/38f08bbcfa467ee3e67a975b06e78c40l-m3905436331od-w480_h360_x2.webp?w=1080&q=75, http://ap.rdcpix.com/38f08bbcfa467ee3e67a975b06e78c40l-m3360167079od-w480_h360_x2.webp?w=1080&q=75, http://ap.rdcpix.com/38f08bbcfa467ee3e67a975b06e78c40l-m1374556423od-w480_h360_x2.webp?w=1080&q=75, http://ap.rdcpix.com/38f08bbcfa467ee3e67a975b06e78c40l-m1721686370od-w480_h360_x2.webp?w=1080&q=75, http://ap.rdcpix.com/38f08bbcfa467ee3e67a975b06e78c40l-m2315935095od-w480_h360_x2.webp?w=1080&q=75, http://ap.rdcpix.com/38f08bbcfa467ee3e67a975b06e78c40l-m1987821774od-w480_h360_x2.webp?w=1080&q=75, http://ap.rdcpix.com/38f08bbcfa467ee3e67a975b06e78c40l-m1515203273od-w480_h360_x2.webp?w=1080&q=75, http://ap.rdcpix.com/38f08bbcfa467ee3e67a975b06e78c40l-m2087099180od-w480_h360_x2.webp?w=1080&q=75, http://ap.rdcpix.com/38f08bbcfa467ee3e67a975b06e78c40l-m2937640182od-w480_h360_x2.webp?w=1080&q=75, http://ap.rdcpix.com/38f08bbcfa467ee3e67a975b06e78c40l-m4109722624od-w480_h360_x2.webp?w=1080&q=75, http://ap.rdcpix.com/38f08bbcfa467ee3e67a975b06e78c40l-m3683244463od-w480_h360_x2.webp?w=1080&q=75, http://ap.rdcpix.com/38f08bbcfa467ee3e67a975b06e78c40l-m1053685414od-w480_h360_x2.webp?w=1080&q=75, http://ap.rdcpix.com/38f08bbcfa467ee3e67a975b06e78c40l-m760201900od-w480_h360_x2.webp?w=1080&q=75, http://ap.rdcpix.com/38f08bbcfa467ee3e67a975b06e78c40l-m2176271291od-w480_h360_x2.webp?w=1080&q=75, http://ap.rdcpix.com/38f08bbcfa467ee3e67a975b06e78c40l-m2823277714od-w480_h360_x2.webp?w=1080&q=75, http://ap.rdcpix.com/38f08bbcfa467ee3e67a975b06e78c40l-m2740111993od-w480_h360_x2.webp?w=1080&q=75, http://ap.rdcpix.com/38f08bbcfa467ee3e67a975b06e78c40l-m268709941od-w480_h360_x2.webp?w=1080&q=75, http://ap.rdcpix.com/38f08bbcfa467ee3e67a975b06e78c40l-m1019128141od-w480_h360_x2.webp?w=1080&q=75, http://ap.rdcpix.com/38f08bbcfa467ee3e67a975b06e78c40l-m1812151691od-w480_h360_x2.webp?w=1080&q=75"
