property_url,mls,mls_id,status,text,style,street,unit,city,state,zip_code,beds,full_baths,half_baths,sqft,year_built,days_on_mls,list_price,list_date,sold_price,last_sold_date,lot_sqft,price_per_sqft,latitude,longitude,neighborhoods,county,fips_code,stories,hoa_fee,parking_garage,agent,broker,broker_phone,nearby_schools,primary_photo,alt_photos
https://www.realtor.com/realestateandhomes-detail/2086256035,SEWA,2235502,SOLD,"Affordable condo in Mount Vernon with beautiful territorial and mountain views! This unit has 2 bedrooms and 2 full bathrooms, a wood fireplace, a balcony, and all appliances are included. Third floor, elevator access, one covered reserved parking space, one uncovered unassigned parking space, one on-floor storage unit. Garbage chute on the third floor as well. Two pets allowed for this unit; dogs and cats, no size limit. Condo dues cover water, sewer, garbage, and common area maintenance, including windows washing and roof replacement. The roof was replaced about 5 years ago, rated for 40 years. Close to restaurants, shopping, fire department, easy access to College Way and I-5 without being on the busy highway. Check it out!",CONDOS,2021 N Laventure Rd,Apt 302,Mount Vernon,WA,98273,2,2,,1335,1978,74,330000,2024-05-09,330000,2024-07-22,,247,48.438873,-122.315445,North River - Commercial District,Skagit,53057,1,312,,,,,Mount Vernon School District,http://ap.rdcpix.com/2d04abad5331ddc1be01886c1748782fl-m2492528029od-w480_h360_x2.webp?w=1080&q=75,"http://ap.rdcpix.com/2d04abad5331ddc1be01886c1748782fl-m2492528029od-w480_h360_x2.webp?w=1080&q=75, http://ap.rdcpix.com/2d04abad5331ddc1be01886c1748782fl-m2896493066od-w480_h360_x2.webp?w=1080&q=75, http://ap.rdcpix.com/2d04abad5331ddc1be01886c1748782fl-m1948875749od-w480_h360_x2.webp?w=1080&q=75, http://ap.rdcpix.com/2d04abad5331ddc1be01886c1748782fl-m1991718665od-w480_h360_x2.webp?w=1080&q=75, http://ap.rdcpix.com/2d04abad5331ddc1be01886c1748782fl-m2708782706od-w480_h360_x2.webp?w=1080&q=75, http://ap.rdcpix.com/2d04abad5331ddc1be01886c1748782fl-m72861468od-w480_h360_x2.webp?w=1080&q=75, http://ap.rdcpix.com/2d04abad5331ddc1be01886c1748782fl-m3161399820od-w480_h360_x2.webp?w=1080&q=75, http://ap.rdcpix.com/2d04abad5331ddc1be01886c1748782fl-m1247750261od-w480_h360_x2.webp?w=1080&q=75, http://ap.rdcpix.com/2d04abad5331ddc1be01886c1748782fl-m1001393331od-w480_h360_x2.webp?w=1080&q=75, http://ap.rdcpix.com/2d04abad5331ddc1be01886c1748782fl-m4269285682od-w480_h360_x2.webp?w=1080&q=75, http://ap.rdcpix.com/2d04abad5331ddc1be01886c1748782fl-m2384542145od-w480_h360_x2.webp?w=1080&q=75, http://ap.rdcpix.com/2d04abad5331ddc1be01886c1748782fl-m2456333244od-w480_h360_x2.webp?w=1080&q=75, http://ap.rdcpix.com/2d04abad5331ddc1be01886c1748782fl-m823408786od-w480_h360_x2.webp?w=1080&q=75, http://ap.rdcpix.com/2d04abad5331ddc1be01886c1748782fl-m195315421od-w480_h360_x2.webp?w=1080&q=75, http://ap.rdcpix.com/2d04abad5331ddc1be01886c1748782fl-m3801039943od-w480_h360_x2.webp?w=1080&q=75, http://ap.rdcpix.com/2d04abad5331ddc1be01886c1748782fl-m189723577od-w480_h360_x2.webp?w=1080&q=75, http://ap.rdcpix.com/2d04abad5331ddc1be01886c1748782fl-m2809033506od-w480_h360_x2.webp?w=1080&q=75, http://ap.rdcpix.com/2d04abad5331ddc1be01886c1748782fl-m175140040od-w480_h360_x2.webp?w=1080&q=75, http://ap.rdcpix.com/2d04abad5331ddc1be01886c1748782fl-m403990744od-w480_h360_x2.webp?w=1080&q=75, http://ap.rdcpix.com/2d04abad5331ddc1be01886c1748782fl-m1435284969od-w480_h360_x2.webp?w=1080&q=75, http://ap.rdcpix.com/2d04abad5331ddc1be01886c1748782fl-m848388610od-w480_h360_x2.webp?w=1080&q=75, http://ap.rdcpix.com/2d04abad5331ddc1be01886c1748782fl-m3412473857od-w480_h360_x2.webp?w=1080&q=75, http://ap.rdcpix.com/2d04abad5331ddc1be01886c1748782fl-m3496661927od-w480_h360_x2.webp?w=1080&q=75, http://ap.rdcpix.com/2d04abad5331ddc1be01886c1748782fl-m814113284od-w480_h360_x2.webp?w=1080&q=75, http://ap.rdcpix.com/2d04abad5331ddc1be01886c1748782fl-m1095141623od-w480_h360_x2.webp?w=1080&q=75, http://ap.rdcpix.com/2d04abad5331ddc1be01886c1748782fl-m1646748762od-w480_h360_x2.webp?w=1080&q=75"
https://www.realtor.com/realestateandhomes-detail/1729494953,SEWA,2246319,SOLD,"This stunning rambler boasts a seamless open concept, perfect for modern living and entertaining! Expansive living area w/vaulted ceiling and lots of natural sunlight. Gourmet kitchen with large island, granite countertops, gas range and stainless steel appliances. Master bedroom features ensuite w/ soaking tub and large walk-in closet. Engineered hardwood throughout. Large 3 car garage and wide 1/2 acre lot.",SINGLE_FAMILY,24383  Nookachamp Hills Dr,,Mount Vernon,WA,98274,3,2,1,2302,2017,40,925000,2024-06-14,995000,2024-07-24,21780,432,48.402689,-122.222517,,Skagit,53057,1,38,3,,,,Sedro-Woolley School District,http://ap.rdcpix.com/5b437a32a1e90d86b8f4678094d83dbel-m3337494087od-w480_h360_x2.webp?w=1080&q=75,"http://ap.rdcpix.com/5b437a32a1e90d86b8f4678094d83dbel-m3337494087od-w480_h360_x2.webp?w=1080&q=75, http://ap.rdcpix.com/5b437a32a1e90d86b8f4678094d83dbel-m1672852313od-w480_h360_x2.webp?w=1080&q=75, http://ap.rdcpix.com/5b437a32a1e90d86b8f4678094d83dbel-m3032278806od-w480_h360_x2.webp?w=1080&q=75, http://ap.rdcpix.com/5b437a32a1e90d86b8f4678094d83dbel-m4121055833od-w480_h360_x2.webp?w=1080&q=75, http://ap.rdcpix.com/5b437a32a1e90d86b8f4678094d83dbel-m366729146od-w480_h360_x2.webp?w=1080&q=75, http://ap.rdcpix.com/5b437a32a1e90d86b8f4678094d83dbel-m2789413819od-w480_h360_x2.webp?w=1080&q=75, http://ap.rdcpix.com/5b437a32a1e90d86b8f4678094d83dbel-m108504157od-w480_h360_x2.webp?w=1080&q=75, http://ap.rdcpix.com/5b437a32a1e90d86b8f4678094d83dbel-m2772502938od-w480_h360_x2.webp?w=1080&q=75, http://ap.rdcpix.com/5b437a32a1e90d86b8f4678094d83dbel-m1029829669od-w480_h360_x2.webp?w=1080&q=75, http://ap.rdcpix.com/5b437a32a1e90d86b8f4678094d83dbel-m1842771361od-w480_h360_x2.webp?w=1080&q=75, http://ap.rdcpix.com/5b437a32a1e90d86b8f4678094d83dbel-m4162945130od-w480_h360_x2.webp?w=1080&q=75, http://ap.rdcpix.com/5b437a32a1e90d86b8f4678094d83dbel-m3451100518od-w480_h360_x2.webp?w=1080&q=75, http://ap.rdcpix.com/5b437a32a1e90d86b8f4678094d83dbel-m1488524676od-w480_h360_x2.webp?w=1080&q=75, http://ap.rdcpix.com/5b437a32a1e90d86b8f4678094d83dbel-m1902453477od-w480_h360_x2.webp?w=1080&q=75, http://ap.rdcpix.com/5b437a32a1e90d86b8f4678094d83dbel-m1780306098od-w480_h360_x2.webp?w=1080&q=75, http://ap.rdcpix.com/5b437a32a1e90d86b8f4678094d83dbel-m1881331675od-w480_h360_x2.webp?w=1080&q=75, http://ap.rdcpix.com/5b437a32a1e90d86b8f4678094d83dbel-m1370909560od-w480_h360_x2.webp?w=1080&q=75, http://ap.rdcpix.com/5b437a32a1e90d86b8f4678094d83dbel-m1076847479od-w480_h360_x2.webp?w=1080&q=75, http://ap.rdcpix.com/5b437a32a1e90d86b8f4678094d83dbel-m4232759374od-w480_h360_x2.webp?w=1080&q=75, http://ap.rdcpix.com/5b437a32a1e90d86b8f4678094d83dbel-m843779861od-w480_h360_x2.webp?w=1080&q=75, http://ap.rdcpix.com/5b437a32a1e90d86b8f4678094d83dbel-m4242672639od-w480_h360_x2.webp?w=1080&q=75"
https://www.realtor.com/realestateandhomes-detail/2398085888,SEWA,2238369,SOLD,"Ready to downsize, yet not give up on all the convenances you enjoy? Don't miss this updated 2bed/2bath home in the Burlington Hill Estates gated 55 park. Spacious private fenced yard with raised garden & shed. Paved driveway with ample parking, solid 10x12 storage shop with loft & 50 amp 220 power. No need to rent a storage unit here! Feel right at home as you enter into a light filled living room, kitchen offers chiefs dream 48 THOR gas range with double oven & hood, farm sink, Cortez countertops & custom pantry. Large primary bedroom with full bath. Additional bedroom or office opens up to large covered patio for additional outdoor living space. Great location near all amenities on dead-end street. RV storage offered in park!",MOBILE,1030  Courtney Ln,,Burlington,WA,98233,2,2,,1457,1999,64,265000,2024-05-21,260000,2024-07-24,4000,178,48.478672,-122.321503,,Skagit,53057,1,0,,,,,Burlington-Edison School District,http://ap.rdcpix.com/783ffda55c596329c884ec329756d9f9l-m573306137od-w480_h360_x2.webp?w=1080&q=75,"http://ap.rdcpix.com/783ffda55c596329c884ec329756d9f9l-m573306137od-w480_h360_x2.webp?w=1080&q=75, http://ap.rdcpix.com/783ffda55c596329c884ec329756d9f9l-m2092654991od-w480_h360_x2.webp?w=1080&q=75, http://ap.rdcpix.com/783ffda55c596329c884ec329756d9f9l-m684978299od-w480_h360_x2.webp?w=1080&q=75, http://ap.rdcpix.com/783ffda55c596329c884ec329756d9f9l-m1763784004od-w480_h360_x2.webp?w=1080&q=75, http://ap.rdcpix.com/783ffda55c596329c884ec329756d9f9l-m802443924od-w480_h360_x2.webp?w=1080&q=75, http://ap.rdcpix.com/783ffda55c596329c884ec329756d9f9l-m3402105934od-w480_h360_x2.webp?w=1080&q=75, http://ap.rdcpix.com/783ffda55c596329c884ec329756d9f9l-m333630170od-w480_h360_x2.webp?w=1080&q=75, http://ap.rdcpix.com/783ffda55c596329c884ec329756d9f9l-m2522396747od-w480_h360_x2.webp?w=1080&q=75, http://ap.rdcpix.com/783ffda55c596329c884ec329756d9f9l-m3417465037od-w480_h360_x2.webp?w=1080&q=75, http://ap.rdcpix.com/783ffda55c596329c884ec329756d9f9l-m1651418019od-w480_h360_x2.webp?w=1080&q=75, http://ap.rdcpix.com/783ffda55c596329c884ec329756d9f9l-m150542274od-w480_h360_x2.webp?w=1080&q=75, http://ap.rdcpix.com/783ffda55c596329c884ec329756d9f9l-m621417835od-w480_h360_x2.webp?w=1080&q=75, http://ap.rdcpix.com/783ffda55c596329c884ec329756d9f9l-m2146277405od-w480_h360_x2.webp?w=1080&q=75, http://ap.rdcpix.com/783ffda55c596329c884ec329756d9f9l-m508094720od-w480_h360_x2.webp?w=1080&q=75, http://ap.rdcpix.com/783ffda55c596329c884ec329756d9f9l-m2616113236od-w480_h360_x2.webp?w=1080&q=75, http://ap.rdcpix.com/783ffda55c596329c884ec329756d9f9l-m2988736227od-w480_h360_x2.webp?w=1080&q=75, http://ap.rdcpix.com/783ffda55c596329c884ec329756d9f9l-m1008996955od-w480_h360_x2.webp?w=1080&q=75, http://ap.rdcpix.com/783ffda55c596329c884ec329756d9f9l-m1785204142od-w480_h360_x2.webp?w=1080&q=75, http://ap.rdcpix.com/783ffda55c596329c884ec329756d9f9l-m1967881273od-w480_h360_x2.webp?w=1080&q=75, http://ap.rdcpix.com/783ffda55c596329c884ec329756d9f9l-m2374617130od-w480_h360_x2.webp?w=1080&q=75, http://ap.rdcpix.com/783ffda55c596329c884ec329756d9f9l-m585905097od-w480_h360_x2.webp?w=1080&q=75, http://ap.rdcpix.com/783ffda55c596329c884ec329756d9f9l-m4205251256od-w480_h360_x2.webp?w=1080&q=75, http://ap.rdcpix.com/783ffda55c596329c884ec329756d9f9l-m2185939054od-w480_h360_x2.webp?w=1080&q=75, http://ap.rdcpix.com/783ffda55c596329c884ec329756d9f9l-m1935096131od-w480_h360_x2.webp?w=1080&q=75, http://ap.rdcpix.com/783ffda55c596329c884ec329756d9f9l-m1119200136od-w480_h360_x2.webp?w=1080&q=75, http://ap.rdcpix.com/783ffda55c596329c884ec329756d9f9l-m1120941951od-w480_h360_x2.webp?w=1080&q=75, http://ap.rdcpix.com/783ffda55c596329c884ec329756d9f9l-m2748499630od-w480_h360_x2.webp?w=1080&q=75, http://ap.rdcpix.com/783ffda55c596329c884ec329756d9f9l-m3715935192od-w480_h360_x2.webp?w=1080&q=75, http://ap.rdcpix.com/783ffda55c596329c884ec329756d9f9l-m934604201od-w480_h360_x2.webp?w=1080&q=75, http://ap.rdcpix.com/783ffda55c596329c884ec329756d9f9l-m3309298417od-w480_h360_x2.webp?w=1080&q=75, http://ap.rdcpix.com/783ffda55c596329c884ec329756d9f9l-m4278061749od-w480_h360_x2.webp?w=1080&q=75, http://ap.rdcpix.com/783ffda55c596329c884ec329756d9f9l-m3288323419od-w480_h360_x2.webp?w=1080&q=75, http://ap.rdcpix.com/783ffda55c596329c884ec329756d9f9l-m2188970027od-w480_h360_x2.webp?w=1080&q=75, http://ap.rdcpix.com/783ffda55c596329c884ec329756d9f9l-m851754447od-w480_h360_x2.webp?w=1080&q=75, http://ap.rdcpix.com/783ffda55c596329c884ec329756d9f9l-m3005195332od-w480_h360_x2.webp?w=1080&q=75, http://ap.rdcpix.com/783ffda55c596329c884ec329756d9f9l-m3128316734od-w480_h360_x2.webp?w=1080&q=75, http://ap.rdcpix.com/783ffda55c596329c884ec329756d9f9l-m3793887212od-w480_h360_x2.webp?w=1080&q=75, http://ap.rdcpix.com/783ffda55c596329c884ec329756d9f9l-m1276846569od-w480_h360_x2.webp?w=1080&q=75"
https://www.realtor.com/realestateandhomes-detail/2716919993,SEWA,2248227,SOLD,"Lovingly maintained home in the highly desirable 55+ community of Burlington Hills. Just off Hwy 20, it offers easy commutes to I-5, Burlington, Sedro Woolley, & beyond! The primary suite boasts a corner soaking tub and a spacious sitting room w/ a large walk-in closet that flows into the laundry room & a large kitchen for all your cooking and baking needs. Laminate & stone flooring throughout. The attached garage has room for 2 vehicles as well as space for your projects. Outside, the fully fenced lot and large patio are perfect for entertaining & enjoying leisurely moments. Space rent will be $928 for new owners. Rent includes general park maintenance.",MOBILE,590  Andrew Dr,,Burlington,WA,98233,3,2,,1782,2003,46,229900,2024-06-06,230000,2024-07-22,,129,48.479656,-122.319519,,Skagit,53057,1,0,,,,,Burlington-Edison School District,http://ap.rdcpix.com/88fb196917a86f42585e997d99dcf456l-b699903863od-w480_h360_x2.webp?w=1080&q=75,"http://ap.rdcpix.com/88fb196917a86f42585e997d99dcf456l-b699903863od-w480_h360_x2.webp?w=1080&q=75, http://ap.rdcpix.com/88fb196917a86f42585e997d99dcf456l-b1434832295od-w480_h360_x2.webp?w=1080&q=75, http://ap.rdcpix.com/88fb196917a86f42585e997d99dcf456l-b2141798824od-w480_h360_x2.webp?w=1080&q=75, http://ap.rdcpix.com/88fb196917a86f42585e997d99dcf456l-b2972321944od-w480_h360_x2.webp?w=1080&q=75, http://ap.rdcpix.com/88fb196917a86f42585e997d99dcf456l-b78930784od-w480_h360_x2.webp?w=1080&q=75, http://ap.rdcpix.com/88fb196917a86f42585e997d99dcf456l-b1636901615od-w480_h360_x2.webp?w=1080&q=75, http://ap.rdcpix.com/88fb196917a86f42585e997d99dcf456l-b1446627512od-w480_h360_x2.webp?w=1080&q=75, http://ap.rdcpix.com/88fb196917a86f42585e997d99dcf456l-b82261354od-w480_h360_x2.webp?w=1080&q=75, http://ap.rdcpix.com/88fb196917a86f42585e997d99dcf456l-b977904560od-w480_h360_x2.webp?w=1080&q=75, http://ap.rdcpix.com/88fb196917a86f42585e997d99dcf456l-b3980008834od-w480_h360_x2.webp?w=1080&q=75, http://ap.rdcpix.com/88fb196917a86f42585e997d99dcf456l-b1715019323od-w480_h360_x2.webp?w=1080&q=75, http://ap.rdcpix.com/88fb196917a86f42585e997d99dcf456l-b2164033955od-w480_h360_x2.webp?w=1080&q=75, http://ap.rdcpix.com/88fb196917a86f42585e997d99dcf456l-b2804713565od-w480_h360_x2.webp?w=1080&q=75, http://ap.rdcpix.com/88fb196917a86f42585e997d99dcf456l-b34288561od-w480_h360_x2.webp?w=1080&q=75, http://ap.rdcpix.com/88fb196917a86f42585e997d99dcf456l-b1551981627od-w480_h360_x2.webp?w=1080&q=75, http://ap.rdcpix.com/88fb196917a86f42585e997d99dcf456l-b216888016od-w480_h360_x2.webp?w=1080&q=75, http://ap.rdcpix.com/88fb196917a86f42585e997d99dcf456l-b1106854295od-w480_h360_x2.webp?w=1080&q=75, http://ap.rdcpix.com/88fb196917a86f42585e997d99dcf456l-b3904574367od-w480_h360_x2.webp?w=1080&q=75, http://ap.rdcpix.com/88fb196917a86f42585e997d99dcf456l-b37317086od-w480_h360_x2.webp?w=1080&q=75, http://ap.rdcpix.com/88fb196917a86f42585e997d99dcf456l-b4011353866od-w480_h360_x2.webp?w=1080&q=75, http://ap.rdcpix.com/88fb196917a86f42585e997d99dcf456l-b3579844894od-w480_h360_x2.webp?w=1080&q=75, http://ap.rdcpix.com/88fb196917a86f42585e997d99dcf456l-b943234515od-w480_h360_x2.webp?w=1080&q=75, http://ap.rdcpix.com/88fb196917a86f42585e997d99dcf456l-b1091235869od-w480_h360_x2.webp?w=1080&q=75, http://ap.rdcpix.com/88fb196917a86f42585e997d99dcf456l-b3777121836od-w480_h360_x2.webp?w=1080&q=75, http://ap.rdcpix.com/88fb196917a86f42585e997d99dcf456l-b2916543815od-w480_h360_x2.webp?w=1080&q=75, http://ap.rdcpix.com/88fb196917a86f42585e997d99dcf456l-b679817314od-w480_h360_x2.webp?w=1080&q=75, http://ap.rdcpix.com/88fb196917a86f42585e997d99dcf456l-b2017903513od-w480_h360_x2.webp?w=1080&q=75, http://ap.rdcpix.com/88fb196917a86f42585e997d99dcf456l-b1732147053od-w480_h360_x2.webp?w=1080&q=75, http://ap.rdcpix.com/88fb196917a86f42585e997d99dcf456l-b2088743601od-w480_h360_x2.webp?w=1080&q=75, http://ap.rdcpix.com/88fb196917a86f42585e997d99dcf456l-b1248351417od-w480_h360_x2.webp?w=1080&q=75, http://ap.rdcpix.com/88fb196917a86f42585e997d99dcf456l-b121464305od-w480_h360_x2.webp?w=1080&q=75, http://ap.rdcpix.com/88fb196917a86f42585e997d99dcf456l-b3270582972od-w480_h360_x2.webp?w=1080&q=75, http://ap.rdcpix.com/88fb196917a86f42585e997d99dcf456l-b3113224402od-w480_h360_x2.webp?w=1080&q=75, http://ap.rdcpix.com/88fb196917a86f42585e997d99dcf456l-b2702464545od-w480_h360_x2.webp?w=1080&q=75, http://ap.rdcpix.com/88fb196917a86f42585e997d99dcf456l-b3912587647od-w480_h360_x2.webp?w=1080&q=75, http://ap.rdcpix.com/88fb196917a86f42585e997d99dcf456l-b4287983622od-w480_h360_x2.webp?w=1080&q=75, http://ap.rdcpix.com/88fb196917a86f42585e997d99dcf456l-b3334420134od-w480_h360_x2.webp?w=1080&q=75, http://ap.rdcpix.com/88fb196917a86f42585e997d99dcf456l-b1233973611od-w480_h360_x2.webp?w=1080&q=75, http://ap.rdcpix.com/88fb196917a86f42585e997d99dcf456l-b2295505367od-w480_h360_x2.webp?w=1080&q=75, http://ap.rdcpix.com/88fb196917a86f42585e997d99dcf456l-b1836163316od-w480_h360_x2.webp?w=1080&q=75"
https://www.realtor.com/realestateandhomes-detail/2637616325,SEWA,2222789,SOLD,"Welcome to this charming rambler nestled in the desirable Thunderbird neighborhood of Mount Vernon. Situated on a spacious 1/3 acre lot, this 3-bedroom, 2-bathroom home has great potential for your own customization. While it boasts a cozy and functional layout, it could benefit from some modern updates to suit individual tastes. Ideal for first-time buyers or those looking to downsize, this home with great bones provides a peaceful retreat in a quiet and friendly community. Enjoy the convenience of easy commuting access and the allure of a great location near all amenities. Dont miss this affordable opportunity to create your dream home in a sought-after Mount Vernon neighborhood. Schedule your showing today!",SINGLE_FAMILY,1203  Crow Ln,,Mount Vernon,WA,98273,3,2,,1164,1986,28,450000,2024-06-25,465000,2024-07-23,13939,399,48.431233,-122.289538,Seneca Highlands,Skagit,53057,1,0,2,,,,Mount Vernon School District,http://ap.rdcpix.com/e7e62e1cdfdbdddcaaf75832fe32d273l-m1443900954od-w480_h360_x2.webp?w=1080&q=75,"http://ap.rdcpix.com/e7e62e1cdfdbdddcaaf75832fe32d273l-m1443900954od-w480_h360_x2.webp?w=1080&q=75, http://ap.rdcpix.com/e7e62e1cdfdbdddcaaf75832fe32d273l-m2198131140od-w480_h360_x2.webp?w=1080&q=75, http://ap.rdcpix.com/e7e62e1cdfdbdddcaaf75832fe32d273l-m153811938od-w480_h360_x2.webp?w=1080&q=75, http://ap.rdcpix.com/e7e62e1cdfdbdddcaaf75832fe32d273l-m3653716255od-w480_h360_x2.webp?w=1080&q=75, http://ap.rdcpix.com/e7e62e1cdfdbdddcaaf75832fe32d273l-m2758892125od-w480_h360_x2.webp?w=1080&q=75, http://ap.rdcpix.com/e7e62e1cdfdbdddcaaf75832fe32d273l-m1293194455od-w480_h360_x2.webp?w=1080&q=75, http://ap.rdcpix.com/e7e62e1cdfdbdddcaaf75832fe32d273l-m500235000od-w480_h360_x2.webp?w=1080&q=75, http://ap.rdcpix.com/e7e62e1cdfdbdddcaaf75832fe32d273l-m114832580od-w480_h360_x2.webp?w=1080&q=75, http://ap.rdcpix.com/e7e62e1cdfdbdddcaaf75832fe32d273l-m1154596836od-w480_h360_x2.webp?w=1080&q=75, http://ap.rdcpix.com/e7e62e1cdfdbdddcaaf75832fe32d273l-m3319552165od-w480_h360_x2.webp?w=1080&q=75, http://ap.rdcpix.com/e7e62e1cdfdbdddcaaf75832fe32d273l-m2617653990od-w480_h360_x2.webp?w=1080&q=75, http://ap.rdcpix.com/e7e62e1cdfdbdddcaaf75832fe32d273l-m3699643079od-w480_h360_x2.webp?w=1080&q=75, http://ap.rdcpix.com/e7e62e1cdfdbdddcaaf75832fe32d273l-m928558392od-w480_h360_x2.webp?w=1080&q=75, http://ap.rdcpix.com/e7e62e1cdfdbdddcaaf75832fe32d273l-m3498792713od-w480_h360_x2.webp?w=1080&q=75, http://ap.rdcpix.com/e7e62e1cdfdbdddcaaf75832fe32d273l-m2392697716od-w480_h360_x2.webp?w=1080&q=75, http://ap.rdcpix.com/e7e62e1cdfdbdddcaaf75832fe32d273l-m3656689045od-w480_h360_x2.webp?w=1080&q=75, http://ap.rdcpix.com/e7e62e1cdfdbdddcaaf75832fe32d273l-m2919828519od-w480_h360_x2.webp?w=1080&q=75, http://ap.rdcpix.com/e7e62e1cdfdbdddcaaf75832fe32d273l-m861238760od-w480_h360_x2.webp?w=1080&q=75, http://ap.rdcpix.com/e7e62e1cdfdbdddcaaf75832fe32d273l-m2043016004od-w480_h360_x2.webp?w=1080&q=75, http://ap.rdcpix.com/e7e62e1cdfdbdddcaaf75832fe32d273l-m318590695od-w480_h360_x2.webp?w=1080&q=75, http://ap.rdcpix.com/e7e62e1cdfdbdddcaaf75832fe32d273l-m4062114909od-w480_h360_x2.webp?w=1080&q=75, http://ap.rdcpix.com/e7e62e1cdfdbdddcaaf75832fe32d273l-m2132509456od-w480_h360_x2.webp?w=1080&q=75, http://ap.rdcpix.com/e7e62e1cdfdbdddcaaf75832fe32d273l-m294443369od-w480_h360_x2.webp?w=1080&q=75, http://ap.rdcpix.com/e7e62e1cdfdbdddcaaf75832fe32d273l-m1227790613od-w480_h360_x2.webp?w=1080&q=75, http://ap.rdcpix.com/e7e62e1cdfdbdddcaaf75832fe32d273l-m4044973684od-w480_h360_x2.webp?w=1080&q=75"
https://www.realtor.com/realestateandhomes-detail/9399301487,SEWA,2204595,SOLD,"Step into timeless elegance with this meticulously renovated 1952 gem. Boasting 4 bedrooms and 2 bathrooms, including a fully finished basement, this immaculate home exudes charm and sophistication. Revel in the warmth of true hardwood flooring and the allure of an amazing accent wall. The gourmet kitchen features a large waterfall island, undermount lighting, and a convenient pot filler. Retreat to the primary suite with a cozy gas fireplace. Enjoy partial water views of the bay, marina and Mt Baker. The expansive finished garage offers ample space for both vehicles and projects. With potential for a 3rd bathroom, this home is a rare find for those seeking both luxury and functionality.",SINGLE_FAMILY,1501  16th St,,Anacortes,WA,98221,4,1,,2569,1952,78,999995,2024-05-06,969500,2024-07-23,9148,377,48.509173,-122.62082,Central Anacortes,Skagit,53057,1,0,4,,,,Anacortes School District,http://ap.rdcpix.com/0e30db0352b65e6c8f84552147b4a92dl-b2711449997od-w480_h360_x2.webp?w=1080&q=75,"http://ap.rdcpix.com/0e30db0352b65e6c8f84552147b4a92dl-b2711449997od-w480_h360_x2.webp?w=1080&q=75, http://ap.rdcpix.com/0e30db0352b65e6c8f84552147b4a92dl-b3672098343od-w480_h360_x2.webp?w=1080&q=75, http://ap.rdcpix.com/0e30db0352b65e6c8f84552147b4a92dl-b4028897211od-w480_h360_x2.webp?w=1080&q=75, http://ap.rdcpix.com/0e30db0352b65e6c8f84552147b4a92dl-b1402516295od-w480_h360_x2.webp?w=1080&q=75, http://ap.rdcpix.com/0e30db0352b65e6c8f84552147b4a92dl-b3637114599od-w480_h360_x2.webp?w=1080&q=75, http://ap.rdcpix.com/0e30db0352b65e6c8f84552147b4a92dl-b402243332od-w480_h360_x2.webp?w=1080&q=75, http://ap.rdcpix.com/0e30db0352b65e6c8f84552147b4a92dl-b2594870014od-w480_h360_x2.webp?w=1080&q=75, http://ap.rdcpix.com/0e30db0352b65e6c8f84552147b4a92dl-b1790904912od-w480_h360_x2.webp?w=1080&q=75, http://ap.rdcpix.com/0e30db0352b65e6c8f84552147b4a92dl-b304823475od-w480_h360_x2.webp?w=1080&q=75, http://ap.rdcpix.com/0e30db0352b65e6c8f84552147b4a92dl-b3277769589od-w480_h360_x2.webp?w=1080&q=75, http://ap.rdcpix.com/0e30db0352b65e6c8f84552147b4a92dl-b2936396533od-w480_h360_x2.webp?w=1080&q=75, http://ap.rdcpix.com/0e30db0352b65e6c8f84552147b4a92dl-b248081810od-w480_h360_x2.webp?w=1080&q=75, http://ap.rdcpix.com/0e30db0352b65e6c8f84552147b4a92dl-b946043243od-w480_h360_x2.webp?w=1080&q=75, http://ap.rdcpix.com/0e30db0352b65e6c8f84552147b4a92dl-b1575648077od-w480_h360_x2.webp?w=1080&q=75, http://ap.rdcpix.com/0e30db0352b65e6c8f84552147b4a92dl-b3405501049od-w480_h360_x2.webp?w=1080&q=75, http://ap.rdcpix.com/0e30db0352b65e6c8f84552147b4a92dl-b2485098704od-w480_h360_x2.webp?w=1080&q=75, http://ap.rdcpix.com/0e30db0352b65e6c8f84552147b4a92dl-b4238097699od-w480_h360_x2.webp?w=1080&q=75, http://ap.rdcpix.com/0e30db0352b65e6c8f84552147b4a92dl-b3368383650od-w480_h360_x2.webp?w=1080&q=75, http://ap.rdcpix.com/0e30db0352b65e6c8f84552147b4a92dl-b2044681277od-w480_h360_x2.webp?w=1080&q=75, http://ap.rdcpix.com/0e30db0352b65e6c8f84552147b4a92dl-b235071559od-w480_h360_x2.webp?w=1080&q=75, http://ap.rdcpix.com/0e30db0352b65e6c8f84552147b4a92dl-b3330356516od-w480_h360_x2.webp?w=1080&q=75, http://ap.rdcpix.com/0e30db0352b65e6c8f84552147b4a92dl-b994238476od-w480_h360_x2.webp?w=1080&q=75, http://ap.rdcpix.com/0e30db0352b65e6c8f84552147b4a92dl-b3557702864od-w480_h360_x2.webp?w=1080&q=75, http://ap.rdcpix.com/0e30db0352b65e6c8f84552147b4a92dl-b3243958657od-w480_h360_x2.webp?w=1080&q=75, http://ap.rdcpix.com/0e30db0352b65e6c8f84552147b4a92dl-b3562139896od-w480_h360_x2.webp?w=1080&q=75, http://ap.rdcpix.com/0e30db0352b65e6c8f84552147b4a92dl-b2667761606od-w480_h360_x2.webp?w=1080&q=75, http://ap.rdcpix.com/0e30db0352b65e6c8f84552147b4a92dl-b993924087od-w480_h360_x2.webp?w=1080&q=75, http://ap.rdcpix.com/0e30db0352b65e6c8f84552147b4a92dl-b2344081871od-w480_h360_x2.webp?w=1080&q=75, http://ap.rdcpix.com/0e30db0352b65e6c8f84552147b4a92dl-b4200426339od-w480_h360_x2.webp?w=1080&q=75, http://ap.rdcpix.com/0e30db0352b65e6c8f84552147b4a92dl-b3994439164od-w480_h360_x2.webp?w=1080&q=75, http://ap.rdcpix.com/0e30db0352b65e6c8f84552147b4a92dl-b1193891307od-w480_h360_x2.webp?w=1080&q=75, http://ap.rdcpix.com/0e30db0352b65e6c8f84552147b4a92dl-b4266904034od-w480_h360_x2.webp?w=1080&q=75, http://ap.rdcpix.com/0e30db0352b65e6c8f84552147b4a92dl-b134353595od-w480_h360_x2.webp?w=1080&q=75, http://ap.rdcpix.com/0e30db0352b65e6c8f84552147b4a92dl-b2392415161od-w480_h360_x2.webp?w=1080&q=75, http://ap.rdcpix.com/0e30db0352b65e6c8f84552147b4a92dl-b1995185298od-w480_h360_x2.webp?w=1080&q=75, http://ap.rdcpix.com/0e30db0352b65e6c8f84552147b4a92dl-b3913089812od-w480_h360_x2.webp?w=1080&q=75, http://ap.rdcpix.com/0e30db0352b65e6c8f84552147b4a92dl-b2119676355od-w480_h360_x2.webp?w=1080&q=75, http://ap.rdcpix.com/0e30db0352b65e6c8f84552147b4a92dl-b3484888275od-w480_h360_x2.webp?w=1080&q=75, http://ap.rdcpix.com/0e30db0352b65e6c8f84552147b4a92dl-b1071220500od-w480_h360_x2.webp?w=1080&q=75, http://ap.rdcpix.com/0e30db0352b65e6c8f84552147b4a92dl-b3966997851od-w480_h360_x2.webp?w=1080&q=75"
https://www.realtor.com/realestateandhomes-detail/9989211915,SEWA,2250734,SOLD,"Discover your new home in this immaculate rambler located in the heart of beautiful Mount Vernon. This residence boasts an updated kitchen, 2 bedrooms, 1.5 baths, and a spacious bonus room perfect for an office, guest suite, or additional living space. The bedrooms feature original hardwoods, while the main living areas have completely updated floors. Enjoy a lovely backyard retreat with mature gardens, inviting patios, trek deck, and a charming garden shed for storage. With so many updates, it's hard to list them all! Pride of ownership shines throughout this home. Dont miss this incredible opportunity!",SINGLE_FAMILY,15097  Sunset Ln,,Mount Vernon,WA,98273,2,1,1,1482,1954,40,500000,2024-06-14,510000,2024-07-24,11326,344,48.42684,-122.361496,,Skagit,53057,1,0,,,,,Mount Vernon School District,http://ap.rdcpix.com/08d4af035879f51beb693682b68658a8l-b1628374816od-w480_h360_x2.webp?w=1080&q=75,"http://ap.rdcpix.com/08d4af035879f51beb693682b68658a8l-b1628374816od-w480_h360_x2.webp?w=1080&q=75, http://ap.rdcpix.com/08d4af035879f51beb693682b68658a8l-b1670560057od-w480_h360_x2.webp?w=1080&q=75, http://ap.rdcpix.com/08d4af035879f51beb693682b68658a8l-b2179571201od-w480_h360_x2.webp?w=1080&q=75, http://ap.rdcpix.com/08d4af035879f51beb693682b68658a8l-b272902638od-w480_h360_x2.webp?w=1080&q=75, http://ap.rdcpix.com/08d4af035879f51beb693682b68658a8l-b4142138861od-w480_h360_x2.webp?w=1080&q=75, http://ap.rdcpix.com/08d4af035879f51beb693682b68658a8l-b1845886985od-w480_h360_x2.webp?w=1080&q=75, http://ap.rdcpix.com/08d4af035879f51beb693682b68658a8l-b1318199158od-w480_h360_x2.webp?w=1080&q=75, http://ap.rdcpix.com/08d4af035879f51beb693682b68658a8l-b3242423040od-w480_h360_x2.webp?w=1080&q=75, http://ap.rdcpix.com/08d4af035879f51beb693682b68658a8l-b783691172od-w480_h360_x2.webp?w=1080&q=75, http://ap.rdcpix.com/08d4af035879f51beb693682b68658a8l-b3718930643od-w480_h360_x2.webp?w=1080&q=75, http://ap.rdcpix.com/08d4af035879f51beb693682b68658a8l-b3137887048od-w480_h360_x2.webp?w=1080&q=75, http://ap.rdcpix.com/08d4af035879f51beb693682b68658a8l-b6312633od-w480_h360_x2.webp?w=1080&q=75, http://ap.rdcpix.com/08d4af035879f51beb693682b68658a8l-b3382644213od-w480_h360_x2.webp?w=1080&q=75, http://ap.rdcpix.com/08d4af035879f51beb693682b68658a8l-b3316917923od-w480_h360_x2.webp?w=1080&q=75, http://ap.rdcpix.com/08d4af035879f51beb693682b68658a8l-b2370373366od-w480_h360_x2.webp?w=1080&q=75, http://ap.rdcpix.com/08d4af035879f51beb693682b68658a8l-b554794402od-w480_h360_x2.webp?w=1080&q=75, http://ap.rdcpix.com/08d4af035879f51beb693682b68658a8l-b2055953253od-w480_h360_x2.webp?w=1080&q=75, http://ap.rdcpix.com/08d4af035879f51beb693682b68658a8l-b1517269834od-w480_h360_x2.webp?w=1080&q=75, http://ap.rdcpix.com/08d4af035879f51beb693682b68658a8l-b2950748290od-w480_h360_x2.webp?w=1080&q=75, http://ap.rdcpix.com/08d4af035879f51beb693682b68658a8l-b1235233022od-w480_h360_x2.webp?w=1080&q=75, http://ap.rdcpix.com/08d4af035879f51beb693682b68658a8l-b2401039263od-w480_h360_x2.webp?w=1080&q=75, http://ap.rdcpix.com/08d4af035879f51beb693682b68658a8l-b648799071od-w480_h360_x2.webp?w=1080&q=75, http://ap.rdcpix.com/08d4af035879f51beb693682b68658a8l-b1460886965od-w480_h360_x2.webp?w=1080&q=75, http://ap.rdcpix.com/08d4af035879f51beb693682b68658a8l-b203892463od-w480_h360_x2.webp?w=1080&q=75, http://ap.rdcpix.com/08d4af035879f51beb693682b68658a8l-b2504272561od-w480_h360_x2.webp?w=1080&q=75, http://ap.rdcpix.com/08d4af035879f51beb693682b68658a8l-b3386118428od-w480_h360_x2.webp?w=1080&q=75, http://ap.rdcpix.com/08d4af035879f51beb693682b68658a8l-b2523153090od-w480_h360_x2.webp?w=1080&q=75, http://ap.rdcpix.com/08d4af035879f51beb693682b68658a8l-b1090008032od-w480_h360_x2.webp?w=1080&q=75, http://ap.rdcpix.com/08d4af035879f51beb693682b68658a8l-b1727666134od-w480_h360_x2.webp?w=1080&q=75, http://ap.rdcpix.com/08d4af035879f51beb693682b68658a8l-b1779869550od-w480_h360_x2.webp?w=1080&q=75, http://ap.rdcpix.com/08d4af035879f51beb693682b68658a8l-b2595163776od-w480_h360_x2.webp?w=1080&q=75, http://ap.rdcpix.com/08d4af035879f51beb693682b68658a8l-b750215801od-w480_h360_x2.webp?w=1080&q=75, http://ap.rdcpix.com/08d4af035879f51beb693682b68658a8l-b2439840919od-w480_h360_x2.webp?w=1080&q=75, http://ap.rdcpix.com/08d4af035879f51beb693682b68658a8l-b821796291od-w480_h360_x2.webp?w=1080&q=75, http://ap.rdcpix.com/08d4af035879f51beb693682b68658a8l-b1490764458od-w480_h360_x2.webp?w=1080&q=75, http://ap.rdcpix.com/08d4af035879f51beb693682b68658a8l-b3650480013od-w480_h360_x2.webp?w=1080&q=75"
https://www.realtor.com/realestateandhomes-detail/2540592074,SEWA,2259759,SOLD,"No ferry needed! Coveted 60' low bank WF meticulously maintained avail for the 1st time in 48 yrs. Tideland rights, moorage, boat storage & 29 steps to beach = your private gateway to the San Juans & beyond. Sensational Samish Bay sunsets. Unobstructed sweeping views spanning Lummi to Mt Baker make a majestic backdrop w/ multiple outdoor enjoyment levels. A home for all seasons: watch waves roll in, herons & eagles from your living rm: a wall of windows, cozy gas fp, custom built-ins, cherry hardwoods. Move-in ready w/ water views from nearly all rooms. Backyard crab, clam, salmon & oysters. Idyllically surrounded by world class birding, biking, hikes, boating, tulips, arts & foodie destinations. Pre-inspected. Ask agent for features list.",SINGLE_FAMILY,9609  Samish Island Rd,,Bow,WA,98232,3,1,,1822,1969,21,1388000,2024-07-03,1488000,2024-07-24,10890,817,48.576336,-122.538346,,Skagit,,2,0,2,,,,,http://ap.rdcpix.com/91d2978432380fef6bd81ea2d883986bl-m1175667246od-w480_h360_x2.webp?w=1080&q=75,"http://ap.rdcpix.com/91d2978432380fef6bd81ea2d883986bl-m1175667246od-w480_h360_x2.webp?w=1080&q=75, http://ap.rdcpix.com/91d2978432380fef6bd81ea2d883986bl-m3478210054od-w480_h360_x2.webp?w=1080&q=75, http://ap.rdcpix.com/91d2978432380fef6bd81ea2d883986bl-m743424888od-w480_h360_x2.webp?w=1080&q=75, http://ap.rdcpix.com/91d2978432380fef6bd81ea2d883986bl-m1242773657od-w480_h360_x2.webp?w=1080&q=75, http://ap.rdcpix.com/91d2978432380fef6bd81ea2d883986bl-m489078936od-w480_h360_x2.webp?w=1080&q=75, http://ap.rdcpix.com/91d2978432380fef6bd81ea2d883986bl-m2401887084od-w480_h360_x2.webp?w=1080&q=75, http://ap.rdcpix.com/91d2978432380fef6bd81ea2d883986bl-m562180278od-w480_h360_x2.webp?w=1080&q=75, http://ap.rdcpix.com/91d2978432380fef6bd81ea2d883986bl-m2909841070od-w480_h360_x2.webp?w=1080&q=75, http://ap.rdcpix.com/91d2978432380fef6bd81ea2d883986bl-m2673853572od-w480_h360_x2.webp?w=1080&q=75, http://ap.rdcpix.com/91d2978432380fef6bd81ea2d883986bl-m3376789861od-w480_h360_x2.webp?w=1080&q=75, http://ap.rdcpix.com/91d2978432380fef6bd81ea2d883986bl-m1620903120od-w480_h360_x2.webp?w=1080&q=75, http://ap.rdcpix.com/91d2978432380fef6bd81ea2d883986bl-m430368731od-w480_h360_x2.webp?w=1080&q=75, http://ap.rdcpix.com/91d2978432380fef6bd81ea2d883986bl-m2859794625od-w480_h360_x2.webp?w=1080&q=75, http://ap.rdcpix.com/91d2978432380fef6bd81ea2d883986bl-m2497849545od-w480_h360_x2.webp?w=1080&q=75, http://ap.rdcpix.com/91d2978432380fef6bd81ea2d883986bl-m4049229288od-w480_h360_x2.webp?w=1080&q=75, http://ap.rdcpix.com/91d2978432380fef6bd81ea2d883986bl-m485965387od-w480_h360_x2.webp?w=1080&q=75, http://ap.rdcpix.com/91d2978432380fef6bd81ea2d883986bl-m2767756687od-w480_h360_x2.webp?w=1080&q=75, http://ap.rdcpix.com/91d2978432380fef6bd81ea2d883986bl-m1319458004od-w480_h360_x2.webp?w=1080&q=75, http://ap.rdcpix.com/91d2978432380fef6bd81ea2d883986bl-m2649176972od-w480_h360_x2.webp?w=1080&q=75, http://ap.rdcpix.com/91d2978432380fef6bd81ea2d883986bl-m966163642od-w480_h360_x2.webp?w=1080&q=75, http://ap.rdcpix.com/91d2978432380fef6bd81ea2d883986bl-m3188113066od-w480_h360_x2.webp?w=1080&q=75, http://ap.rdcpix.com/91d2978432380fef6bd81ea2d883986bl-m1281327287od-w480_h360_x2.webp?w=1080&q=75, http://ap.rdcpix.com/91d2978432380fef6bd81ea2d883986bl-m2616345682od-w480_h360_x2.webp?w=1080&q=75, http://ap.rdcpix.com/91d2978432380fef6bd81ea2d883986bl-m301742072od-w480_h360_x2.webp?w=1080&q=75, http://ap.rdcpix.com/91d2978432380fef6bd81ea2d883986bl-m664473372od-w480_h360_x2.webp?w=1080&q=75, http://ap.rdcpix.com/91d2978432380fef6bd81ea2d883986bl-m1620556936od-w480_h360_x2.webp?w=1080&q=75, http://ap.rdcpix.com/91d2978432380fef6bd81ea2d883986bl-m553893345od-w480_h360_x2.webp?w=1080&q=75, http://ap.rdcpix.com/91d2978432380fef6bd81ea2d883986bl-m2348293073od-w480_h360_x2.webp?w=1080&q=75, http://ap.rdcpix.com/91d2978432380fef6bd81ea2d883986bl-m1450829703od-w480_h360_x2.webp?w=1080&q=75, http://ap.rdcpix.com/91d2978432380fef6bd81ea2d883986bl-m1960438169od-w480_h360_x2.webp?w=1080&q=75, http://ap.rdcpix.com/91d2978432380fef6bd81ea2d883986bl-m1682585857od-w480_h360_x2.webp?w=1080&q=75, http://ap.rdcpix.com/91d2978432380fef6bd81ea2d883986bl-m3574490893od-w480_h360_x2.webp?w=1080&q=75, http://ap.rdcpix.com/91d2978432380fef6bd81ea2d883986bl-m3133105631od-w480_h360_x2.webp?w=1080&q=75, http://ap.rdcpix.com/91d2978432380fef6bd81ea2d883986bl-m1865049701od-w480_h360_x2.webp?w=1080&q=75, http://ap.rdcpix.com/91d2978432380fef6bd81ea2d883986bl-m2952841378od-w480_h360_x2.webp?w=1080&q=75, http://ap.rdcpix.com/91d2978432380fef6bd81ea2d883986bl-m3325936675od-w480_h360_x2.webp?w=1080&q=75, http://ap.rdcpix.com/91d2978432380fef6bd81ea2d883986bl-m2862873121od-w480_h360_x2.webp?w=1080&q=75, http://ap.rdcpix.com/91d2978432380fef6bd81ea2d883986bl-m2250642300od-w480_h360_x2.webp?w=1080&q=75, http://ap.rdcpix.com/91d2978432380fef6bd81ea2d883986bl-m2377297856od-w480_h360_x2.webp?w=1080&q=75, http://ap.rdcpix.com/91d2978432380fef6bd81ea2d883986bl-m3381928226od-w480_h360_x2.webp?w=1080&q=75"
https://www.realtor.com/realestateandhomes-detail/2506986417,SEWA,2252967,SOLD,"Experience the elegance in this custom-built one-level Skyline home on one of the largest corner lots with partial water views. The grand entry leads to a spacious living room, highlighted by vaulted ceilings, skylights and a lovely fireplace centerpiece. The expansive kitchen with an island flows into a generous dining area leading to a covered back deck perfect for entertaining in any season. This home offers three spacious bedrooms, two full baths, hardwood floors, solid core interior doors and was built to be handicap accessible. Great large garage with built in workbench and storage cabinets. Enjoy the sunny patio and fenced yard ideal for garden or pets. Don't miss the great side yard with a great garden/storage shed!",SINGLE_FAMILY,4301  Bryce Dr,,Anacortes,WA,98221,3,2,,1956,1993,29,775000,2024-06-23,775000,2024-07-22,11761,396,48.49137,-122.662142,Skyline,Skagit,53057,1,20,2,,,,Anacortes School District,http://ap.rdcpix.com/e49ff0503bb01d814391f0e2bdfec9ffl-m596857596od-w480_h360_x2.webp?w=1080&q=75,"http://ap.rdcpix.com/e49ff0503bb01d814391f0e2bdfec9ffl-m596857596od-w480_h360_x2.webp?w=1080&q=75, http://ap.rdcpix.com/e49ff0503bb01d814391f0e2bdfec9ffl-m2608271754od-w480_h360_x2.webp?w=1080&q=75, http://ap.rdcpix.com/e49ff0503bb01d814391f0e2bdfec9ffl-m2241459136od-w480_h360_x2.webp?w=1080&q=75, http://ap.rdcpix.com/e49ff0503bb01d814391f0e2bdfec9ffl-m815576848od-w480_h360_x2.webp?w=1080&q=75, http://ap.rdcpix.com/e49ff0503bb01d814391f0e2bdfec9ffl-m3897441235od-w480_h360_x2.webp?w=1080&q=75, http://ap.rdcpix.com/e49ff0503bb01d814391f0e2bdfec9ffl-m240815618od-w480_h360_x2.webp?w=1080&q=75, http://ap.rdcpix.com/e49ff0503bb01d814391f0e2bdfec9ffl-m2976082066od-w480_h360_x2.webp?w=1080&q=75, http://ap.rdcpix.com/e49ff0503bb01d814391f0e2bdfec9ffl-m3287797151od-w480_h360_x2.webp?w=1080&q=75, http://ap.rdcpix.com/e49ff0503bb01d814391f0e2bdfec9ffl-m2914428551od-w480_h360_x2.webp?w=1080&q=75, http://ap.rdcpix.com/e49ff0503bb01d814391f0e2bdfec9ffl-m1352231007od-w480_h360_x2.webp?w=1080&q=75, http://ap.rdcpix.com/e49ff0503bb01d814391f0e2bdfec9ffl-m538290790od-w480_h360_x2.webp?w=1080&q=75, http://ap.rdcpix.com/e49ff0503bb01d814391f0e2bdfec9ffl-m2121566725od-w480_h360_x2.webp?w=1080&q=75, http://ap.rdcpix.com/e49ff0503bb01d814391f0e2bdfec9ffl-m1896058245od-w480_h360_x2.webp?w=1080&q=75, http://ap.rdcpix.com/e49ff0503bb01d814391f0e2bdfec9ffl-m148560001od-w480_h360_x2.webp?w=1080&q=75, http://ap.rdcpix.com/e49ff0503bb01d814391f0e2bdfec9ffl-m3562004105od-w480_h360_x2.webp?w=1080&q=75, http://ap.rdcpix.com/e49ff0503bb01d814391f0e2bdfec9ffl-m1098568233od-w480_h360_x2.webp?w=1080&q=75, http://ap.rdcpix.com/e49ff0503bb01d814391f0e2bdfec9ffl-m214286078od-w480_h360_x2.webp?w=1080&q=75, http://ap.rdcpix.com/e49ff0503bb01d814391f0e2bdfec9ffl-m1004899829od-w480_h360_x2.webp?w=1080&q=75, http://ap.rdcpix.com/e49ff0503bb01d814391f0e2bdfec9ffl-m3613539642od-w480_h360_x2.webp?w=1080&q=75, http://ap.rdcpix.com/e49ff0503bb01d814391f0e2bdfec9ffl-m3421798694od-w480_h360_x2.webp?w=1080&q=75, http://ap.rdcpix.com/e49ff0503bb01d814391f0e2bdfec9ffl-m2554615546od-w480_h360_x2.webp?w=1080&q=75, http://ap.rdcpix.com/e49ff0503bb01d814391f0e2bdfec9ffl-m953343858od-w480_h360_x2.webp?w=1080&q=75, http://ap.rdcpix.com/e49ff0503bb01d814391f0e2bdfec9ffl-m177000008od-w480_h360_x2.webp?w=1080&q=75, http://ap.rdcpix.com/e49ff0503bb01d814391f0e2bdfec9ffl-m2133820519od-w480_h360_x2.webp?w=1080&q=75, http://ap.rdcpix.com/e49ff0503bb01d814391f0e2bdfec9ffl-m2026256690od-w480_h360_x2.webp?w=1080&q=75, http://ap.rdcpix.com/e49ff0503bb01d814391f0e2bdfec9ffl-m3559846246od-w480_h360_x2.webp?w=1080&q=75, http://ap.rdcpix.com/e49ff0503bb01d814391f0e2bdfec9ffl-m2957339035od-w480_h360_x2.webp?w=1080&q=75, http://ap.rdcpix.com/e49ff0503bb01d814391f0e2bdfec9ffl-m4209860289od-w480_h360_x2.webp?w=1080&q=75, http://ap.rdcpix.com/e49ff0503bb01d814391f0e2bdfec9ffl-m3377067427od-w480_h360_x2.webp?w=1080&q=75, http://ap.rdcpix.com/e49ff0503bb01d814391f0e2bdfec9ffl-m1560211095od-w480_h360_x2.webp?w=1080&q=75, http://ap.rdcpix.com/e49ff0503bb01d814391f0e2bdfec9ffl-m659187578od-w480_h360_x2.webp?w=1080&q=75, http://ap.rdcpix.com/e49ff0503bb01d814391f0e2bdfec9ffl-m94239482od-w480_h360_x2.webp?w=1080&q=75, http://ap.rdcpix.com/e49ff0503bb01d814391f0e2bdfec9ffl-m3982660254od-w480_h360_x2.webp?w=1080&q=75"
https://www.realtor.com/realestateandhomes-detail/2533783779,SEWA,2223026,SOLD,"Such a warm & beautifully remodeled Skyline home boasting views of Burrows Bay, surrounding islands, Olympics & marina. Embrace eco-conscious living with energy-efficient solar panels. Main level offers serene primary suite featuring direct access to deck & sumptuous full bath. Entertain in the well-appointed kitchen & dining areas, complemented by distinctive architectural elements such as arch windows in the living rm. Lower level offers versatile living options including two bedrms, full bth, office & flex room with kitchenette & family rm. Flooded with natural light & open spaces, this home is a haven for relaxation & rejuvenation. Enjoy outdoor living with lush raised gardens, charming pergola, tranquil water feature & RV/boat parking.",SINGLE_FAMILY,5210  Heather Dr,,Anacortes,WA,98221,3,2,1,2546,1993,98,1095000,2024-04-15,1040000,2024-07-22,9583,408,48.496079,-122.676569,Skyline,Skagit,53057,1,19,2,,,,Anacortes School District,http://ap.rdcpix.com/478b034dc38f97016103929c5c035490l-m3586695556od-w480_h360_x2.webp?w=1080&q=75,"http://ap.rdcpix.com/478b034dc38f97016103929c5c035490l-m3586695556od-w480_h360_x2.webp?w=1080&q=75, http://ap.rdcpix.com/478b034dc38f97016103929c5c035490l-m3893409785od-w480_h360_x2.webp?w=1080&q=75, http://ap.rdcpix.com/478b034dc38f97016103929c5c035490l-m2134830039od-w480_h360_x2.webp?w=1080&q=75, http://ap.rdcpix.com/478b034dc38f97016103929c5c035490l-m2351026844od-w480_h360_x2.webp?w=1080&q=75, http://ap.rdcpix.com/478b034dc38f97016103929c5c035490l-m3560721082od-w480_h360_x2.webp?w=1080&q=75, http://ap.rdcpix.com/478b034dc38f97016103929c5c035490l-m3480058395od-w480_h360_x2.webp?w=1080&q=75, http://ap.rdcpix.com/478b034dc38f97016103929c5c035490l-m4153694687od-w480_h360_x2.webp?w=1080&q=75, http://ap.rdcpix.com/478b034dc38f97016103929c5c035490l-m2057388046od-w480_h360_x2.webp?w=1080&q=75, http://ap.rdcpix.com/478b034dc38f97016103929c5c035490l-m1753750030od-w480_h360_x2.webp?w=1080&q=75, http://ap.rdcpix.com/478b034dc38f97016103929c5c035490l-m1168510632od-w480_h360_x2.webp?w=1080&q=75, http://ap.rdcpix.com/478b034dc38f97016103929c5c035490l-m515556285od-w480_h360_x2.webp?w=1080&q=75, http://ap.rdcpix.com/478b034dc38f97016103929c5c035490l-m2637904371od-w480_h360_x2.webp?w=1080&q=75, http://ap.rdcpix.com/478b034dc38f97016103929c5c035490l-m3582259531od-w480_h360_x2.webp?w=1080&q=75, http://ap.rdcpix.com/478b034dc38f97016103929c5c035490l-m3462898888od-w480_h360_x2.webp?w=1080&q=75, http://ap.rdcpix.com/478b034dc38f97016103929c5c035490l-m1720655376od-w480_h360_x2.webp?w=1080&q=75, http://ap.rdcpix.com/478b034dc38f97016103929c5c035490l-m912058413od-w480_h360_x2.webp?w=1080&q=75, http://ap.rdcpix.com/478b034dc38f97016103929c5c035490l-m2730963447od-w480_h360_x2.webp?w=1080&q=75, http://ap.rdcpix.com/478b034dc38f97016103929c5c035490l-m3661126281od-w480_h360_x2.webp?w=1080&q=75, http://ap.rdcpix.com/478b034dc38f97016103929c5c035490l-m3304836757od-w480_h360_x2.webp?w=1080&q=75, http://ap.rdcpix.com/478b034dc38f97016103929c5c035490l-m3476184118od-w480_h360_x2.webp?w=1080&q=75, http://ap.rdcpix.com/478b034dc38f97016103929c5c035490l-m1295452156od-w480_h360_x2.webp?w=1080&q=75, http://ap.rdcpix.com/478b034dc38f97016103929c5c035490l-m694440686od-w480_h360_x2.webp?w=1080&q=75, http://ap.rdcpix.com/478b034dc38f97016103929c5c035490l-m2211998961od-w480_h360_x2.webp?w=1080&q=75, http://ap.rdcpix.com/478b034dc38f97016103929c5c035490l-m1445611325od-w480_h360_x2.webp?w=1080&q=75, http://ap.rdcpix.com/478b034dc38f97016103929c5c035490l-m2475350653od-w480_h360_x2.webp?w=1080&q=75, http://ap.rdcpix.com/478b034dc38f97016103929c5c035490l-m635511712od-w480_h360_x2.webp?w=1080&q=75, http://ap.rdcpix.com/478b034dc38f97016103929c5c035490l-m237621575od-w480_h360_x2.webp?w=1080&q=75, http://ap.rdcpix.com/478b034dc38f97016103929c5c035490l-m3546124873od-w480_h360_x2.webp?w=1080&q=75, http://ap.rdcpix.com/478b034dc38f97016103929c5c035490l-m3333073766od-w480_h360_x2.webp?w=1080&q=75, http://ap.rdcpix.com/478b034dc38f97016103929c5c035490l-m2514520062od-w480_h360_x2.webp?w=1080&q=75, http://ap.rdcpix.com/478b034dc38f97016103929c5c035490l-m2290776771od-w480_h360_x2.webp?w=1080&q=75, http://ap.rdcpix.com/478b034dc38f97016103929c5c035490l-m1590290612od-w480_h360_x2.webp?w=1080&q=75, http://ap.rdcpix.com/478b034dc38f97016103929c5c035490l-m22986582od-w480_h360_x2.webp?w=1080&q=75, http://ap.rdcpix.com/478b034dc38f97016103929c5c035490l-m1911619484od-w480_h360_x2.webp?w=1080&q=75, http://ap.rdcpix.com/478b034dc38f97016103929c5c035490l-m950320749od-w480_h360_x2.webp?w=1080&q=75, http://ap.rdcpix.com/478b034dc38f97016103929c5c035490l-m1470389928od-w480_h360_x2.webp?w=1080&q=75, http://ap.rdcpix.com/478b034dc38f97016103929c5c035490l-m3566981273od-w480_h360_x2.webp?w=1080&q=75, http://ap.rdcpix.com/478b034dc38f97016103929c5c035490l-m2913001768od-w480_h360_x2.webp?w=1080&q=75, http://ap.rdcpix.com/478b034dc38f97016103929c5c035490l-m4207073734od-w480_h360_x2.webp?w=1080&q=75, http://ap.rdcpix.com/478b034dc38f97016103929c5c035490l-m3319531287od-w480_h360_x2.webp?w=1080&q=75"
https://www.realtor.com/realestateandhomes-detail/9403909561,SEWA,2231606,SOLD,"This brand new collection of NW contemporary cottage homes built by Strandberg Construction, is the perfect balance of spaces designed both for privacy & community. Poised against the lily pad covered pond with walking trails & gathering spaces throughout, invest in the neighborhood garden & future abundance of the orchard. Styled with modern touches, this cottage has a main level suite with elegant bath, 2 add bed & bath up, & an inviting farmhouse kitchen ready for celebration. Clear cedar detailing, solar panels, single car garage and drought resistant landscaping. These cottages are being built net zero, enjoy a healthy respect for the incredible natural surroundings and will offer extremely low utility expenses and a 5k+ tax credit.",SINGLE_FAMILY,3918  Crosswinds Ct,,Anacortes,WA,98221,3,,1,1292,2024,78,739000,2024-05-06,743120,2024-07-23,2195,575,48.500339,-122.656023,Rockridge,Skagit,53057,2,125,1,,,,Anacortes School District,http://ap.rdcpix.com/e3b23f648ad51a3c61e12362459506f3l-m3282755276od-w480_h360_x2.webp?w=1080&q=75,"http://ap.rdcpix.com/e3b23f648ad51a3c61e12362459506f3l-m3282755276od-w480_h360_x2.webp?w=1080&q=75, http://ap.rdcpix.com/e3b23f648ad51a3c61e12362459506f3l-m71608626od-w480_h360_x2.webp?w=1080&q=75, http://ap.rdcpix.com/e3b23f648ad51a3c61e12362459506f3l-m4276080364od-w480_h360_x2.webp?w=1080&q=75, http://ap.rdcpix.com/e3b23f648ad51a3c61e12362459506f3l-m2792662797od-w480_h360_x2.webp?w=1080&q=75, http://ap.rdcpix.com/e3b23f648ad51a3c61e12362459506f3l-m4123773535od-w480_h360_x2.webp?w=1080&q=75, http://ap.rdcpix.com/e3b23f648ad51a3c61e12362459506f3l-m3182222351od-w480_h360_x2.webp?w=1080&q=75, http://ap.rdcpix.com/e3b23f648ad51a3c61e12362459506f3l-m1329025147od-w480_h360_x2.webp?w=1080&q=75, http://ap.rdcpix.com/e3b23f648ad51a3c61e12362459506f3l-m105940882od-w480_h360_x2.webp?w=1080&q=75, http://ap.rdcpix.com/e3b23f648ad51a3c61e12362459506f3l-m3891034093od-w480_h360_x2.webp?w=1080&q=75, http://ap.rdcpix.com/e3b23f648ad51a3c61e12362459506f3l-m3847382949od-w480_h360_x2.webp?w=1080&q=75, http://ap.rdcpix.com/e3b23f648ad51a3c61e12362459506f3l-m2986296260od-w480_h360_x2.webp?w=1080&q=75, http://ap.rdcpix.com/e3b23f648ad51a3c61e12362459506f3l-m3631765974od-w480_h360_x2.webp?w=1080&q=75, http://ap.rdcpix.com/e3b23f648ad51a3c61e12362459506f3l-m627000231od-w480_h360_x2.webp?w=1080&q=75, http://ap.rdcpix.com/e3b23f648ad51a3c61e12362459506f3l-m3670152299od-w480_h360_x2.webp?w=1080&q=75, http://ap.rdcpix.com/e3b23f648ad51a3c61e12362459506f3l-m3936630814od-w480_h360_x2.webp?w=1080&q=75, http://ap.rdcpix.com/e3b23f648ad51a3c61e12362459506f3l-m2829265184od-w480_h360_x2.webp?w=1080&q=75, http://ap.rdcpix.com/e3b23f648ad51a3c61e12362459506f3l-m3184760585od-w480_h360_x2.webp?w=1080&q=75, http://ap.rdcpix.com/e3b23f648ad51a3c61e12362459506f3l-m1818092402od-w480_h360_x2.webp?w=1080&q=75, http://ap.rdcpix.com/e3b23f648ad51a3c61e12362459506f3l-m2575281870od-w480_h360_x2.webp?w=1080&q=75, http://ap.rdcpix.com/e3b23f648ad51a3c61e12362459506f3l-m3391007537od-w480_h360_x2.webp?w=1080&q=75, http://ap.rdcpix.com/e3b23f648ad51a3c61e12362459506f3l-m2750214582od-w480_h360_x2.webp?w=1080&q=75, http://ap.rdcpix.com/e3b23f648ad51a3c61e12362459506f3l-m3463962624od-w480_h360_x2.webp?w=1080&q=75, http://ap.rdcpix.com/e3b23f648ad51a3c61e12362459506f3l-m1024978022od-w480_h360_x2.webp?w=1080&q=75, http://ap.rdcpix.com/e3b23f648ad51a3c61e12362459506f3l-m79074512od-w480_h360_x2.webp?w=1080&q=75, http://ap.rdcpix.com/e3b23f648ad51a3c61e12362459506f3l-m418655319od-w480_h360_x2.webp?w=1080&q=75, http://ap.rdcpix.com/e3b23f648ad51a3c61e12362459506f3l-m155061711od-w480_h360_x2.webp?w=1080&q=75, http://ap.rdcpix.com/e3b23f648ad51a3c61e12362459506f3l-m4109397732od-w480_h360_x2.webp?w=1080&q=75, http://ap.rdcpix.com/e3b23f648ad51a3c61e12362459506f3l-m134767211od-w480_h360_x2.webp?w=1080&q=75, http://ap.rdcpix.com/e3b23f648ad51a3c61e12362459506f3l-m2208150242od-w480_h360_x2.webp?w=1080&q=75, http://ap.rdcpix.com/e3b23f648ad51a3c61e12362459506f3l-m4266702129od-w480_h360_x2.webp?w=1080&q=75, http://ap.rdcpix.com/e3b23f648ad51a3c61e12362459506f3l-m1708608390od-w480_h360_x2.webp?w=1080&q=75, http://ap.rdcpix.com/e3b23f648ad51a3c61e12362459506f3l-m403083066od-w480_h360_x2.webp?w=1080&q=75, http://ap.rdcpix.com/e3b23f648ad51a3c61e12362459506f3l-m511444593od-w480_h360_x2.webp?w=1080&q=75"
https://www.realtor.com/realestateandhomes-detail/1209572630,SEWA,2254905,SOLD,"Discover a hidden gem right above the picturesque Mount Vernon town. This meticulously maintained home offers an unbeatable location 3 min from downtown, providing a serene, private neighborhood atmosphere. The main level features an open-concept living, kitchen, and dining area bathed in natural light. The ideal layout continues seamlessly to a bonus room, bed and bathroom downstairs, while upstairs, you'll find three spacious bedrooms and an additional bathroom. There is plenty of work space in the garage and also an extra bathroom. The photos highlight the pristine landscaping and exterior however, recent unseen updates include a new roof, energy-efficient front window, central AC, and hot tub hookups. highest and best 6-25-24 @ 3.",SINGLE_FAMILY,231  Claremont Pl,,Mount Vernon,WA,98274,4,1,1,2154,1960,31,625000,2024-06-21,640000,2024-07-22,11326,297,48.419341,-122.322038,Hillcrest - Medical District,Skagit,53057,2,0,2,,,,Mount Vernon School District,http://ap.rdcpix.com/09d4113769cd1f5ef5ef03443065d607l-m1617611725od-w480_h360_x2.webp?w=1080&q=75,"http://ap.rdcpix.com/09d4113769cd1f5ef5ef03443065d607l-m1617611725od-w480_h360_x2.webp?w=1080&q=75, http://ap.rdcpix.com/09d4113769cd1f5ef5ef03443065d607l-m3064674656od-w480_h360_x2.webp?w=1080&q=75, http://ap.rdcpix.com/09d4113769cd1f5ef5ef03443065d607l-m3086075848od-w480_h360_x2.webp?w=1080&q=75, http://ap.rdcpix.com/09d4113769cd1f5ef5ef03443065d607l-m4275701194od-w480_h360_x2.webp?w=1080&q=75, http://ap.rdcpix.com/09d4113769cd1f5ef5ef03443065d607l-m25556716od-w480_h360_x2.webp?w=1080&q=75, http://ap.rdcpix.com/09d4113769cd1f5ef5ef03443065d607l-m407685581od-w480_h360_x2.webp?w=1080&q=75, http://ap.rdcpix.com/09d4113769cd1f5ef5ef03443065d607l-m1920018015od-w480_h360_x2.webp?w=1080&q=75, http://ap.rdcpix.com/09d4113769cd1f5ef5ef03443065d607l-m965865055od-w480_h360_x2.webp?w=1080&q=75, http://ap.rdcpix.com/09d4113769cd1f5ef5ef03443065d607l-m2517470689od-w480_h360_x2.webp?w=1080&q=75, http://ap.rdcpix.com/09d4113769cd1f5ef5ef03443065d607l-m126532119od-w480_h360_x2.webp?w=1080&q=75, http://ap.rdcpix.com/09d4113769cd1f5ef5ef03443065d607l-m3601990424od-w480_h360_x2.webp?w=1080&q=75, http://ap.rdcpix.com/09d4113769cd1f5ef5ef03443065d607l-m499285885od-w480_h360_x2.webp?w=1080&q=75, http://ap.rdcpix.com/09d4113769cd1f5ef5ef03443065d607l-m1290376076od-w480_h360_x2.webp?w=1080&q=75, http://ap.rdcpix.com/09d4113769cd1f5ef5ef03443065d607l-m4027891707od-w480_h360_x2.webp?w=1080&q=75, http://ap.rdcpix.com/09d4113769cd1f5ef5ef03443065d607l-m2846799373od-w480_h360_x2.webp?w=1080&q=75, http://ap.rdcpix.com/09d4113769cd1f5ef5ef03443065d607l-m2420774844od-w480_h360_x2.webp?w=1080&q=75, http://ap.rdcpix.com/09d4113769cd1f5ef5ef03443065d607l-m2873419515od-w480_h360_x2.webp?w=1080&q=75, http://ap.rdcpix.com/09d4113769cd1f5ef5ef03443065d607l-m1588930655od-w480_h360_x2.webp?w=1080&q=75, http://ap.rdcpix.com/09d4113769cd1f5ef5ef03443065d607l-m2956350127od-w480_h360_x2.webp?w=1080&q=75, http://ap.rdcpix.com/09d4113769cd1f5ef5ef03443065d607l-m663101063od-w480_h360_x2.webp?w=1080&q=75, http://ap.rdcpix.com/09d4113769cd1f5ef5ef03443065d607l-m3661683263od-w480_h360_x2.webp?w=1080&q=75, http://ap.rdcpix.com/09d4113769cd1f5ef5ef03443065d607l-m3759686970od-w480_h360_x2.webp?w=1080&q=75, http://ap.rdcpix.com/09d4113769cd1f5ef5ef03443065d607l-m554679017od-w480_h360_x2.webp?w=1080&q=75, http://ap.rdcpix.com/09d4113769cd1f5ef5ef03443065d607l-m1924680386od-w480_h360_x2.webp?w=1080&q=75, http://ap.rdcpix.com/09d4113769cd1f5ef5ef03443065d607l-m1842856435od-w480_h360_x2.webp?w=1080&q=75, http://ap.rdcpix.com/09d4113769cd1f5ef5ef03443065d607l-m759393777od-w480_h360_x2.webp?w=1080&q=75, http://ap.rdcpix.com/09d4113769cd1f5ef5ef03443065d607l-m467108321od-w480_h360_x2.webp?w=1080&q=75, http://ap.rdcpix.com/09d4113769cd1f5ef5ef03443065d607l-m3519320283od-w480_h360_x2.webp?w=1080&q=75, http://ap.rdcpix.com/09d4113769cd1f5ef5ef03443065d607l-m2114159570od-w480_h360_x2.webp?w=1080&q=75, http://ap.rdcpix.com/09d4113769cd1f5ef5ef03443065d607l-m4030834408od-w480_h360_x2.webp?w=1080&q=75, http://ap.rdcpix.com/09d4113769cd1f5ef5ef03443065d607l-m2897308434od-w480_h360_x2.webp?w=1080&q=75, http://ap.rdcpix.com/09d4113769cd1f5ef5ef03443065d607l-m1094204131od-w480_h360_x2.webp?w=1080&q=75, http://ap.rdcpix.com/09d4113769cd1f5ef5ef03443065d607l-m3117411247od-w480_h360_x2.webp?w=1080&q=75, http://ap.rdcpix.com/09d4113769cd1f5ef5ef03443065d607l-m3367843846od-w480_h360_x2.webp?w=1080&q=75, http://ap.rdcpix.com/09d4113769cd1f5ef5ef03443065d607l-m1673322247od-w480_h360_x2.webp?w=1080&q=75, http://ap.rdcpix.com/09d4113769cd1f5ef5ef03443065d607l-m874774216od-w480_h360_x2.webp?w=1080&q=75, http://ap.rdcpix.com/09d4113769cd1f5ef5ef03443065d607l-m3081339435od-w480_h360_x2.webp?w=1080&q=75"
https://www.realtor.com/realestateandhomes-detail/2182971827,SEWA,2210267,SOLD,"Welcome to 13690 Harbor Ln. in Similk Highlands. This captivating contemporary single level home boasts 3 bedrooms, 1.75 baths including a primary suite. An open living room w/gas fireplace. A whitewashed knotty pine vaulted ceiling greets you as you enter the front door. Open dining area next to the large family room w/ sliding door to a fully fenced back yard, perfect for outdoor activities & pets! You'll love the updated kitchen w/quartz counters, SS appliances & updated backsplash. Also includes 500 sq ft garage w/backyard access & small work/tool shed. Washer & Dryer are only 2 yrs old making laundry a breeze. Just 2 minutes to Fidalgo Elem. School & 10 mins to downtown Anacortes. Don't miss your chance to make this your home!",SINGLE_FAMILY,13690  Harbor Ln,,Anacortes,WA,98221,3,1,,1430,1981,94,690000,2024-04-19,680000,2024-07-22,10890,476,48.445391,-122.58125,,Skagit,53057,1,33,2,,,,"Anacortes School District, Northwest Educational Service District 189",http://ap.rdcpix.com/e24398e3e7fc5885b50d9bd8a0d95073l-b3393938011od-w480_h360_x2.webp?w=1080&q=75,"http://ap.rdcpix.com/e24398e3e7fc5885b50d9bd8a0d95073l-b3393938011od-w480_h360_x2.webp?w=1080&q=75, http://ap.rdcpix.com/e24398e3e7fc5885b50d9bd8a0d95073l-b3357345540od-w480_h360_x2.webp?w=1080&q=75, http://ap.rdcpix.com/e24398e3e7fc5885b50d9bd8a0d95073l-b2405421712od-w480_h360_x2.webp?w=1080&q=75, http://ap.rdcpix.com/e24398e3e7fc5885b50d9bd8a0d95073l-b2699588646od-w480_h360_x2.webp?w=1080&q=75, http://ap.rdcpix.com/e24398e3e7fc5885b50d9bd8a0d95073l-b771255872od-w480_h360_x2.webp?w=1080&q=75, http://ap.rdcpix.com/e24398e3e7fc5885b50d9bd8a0d95073l-b3122301546od-w480_h360_x2.webp?w=1080&q=75, http://ap.rdcpix.com/e24398e3e7fc5885b50d9bd8a0d95073l-b1048712909od-w480_h360_x2.webp?w=1080&q=75, http://ap.rdcpix.com/e24398e3e7fc5885b50d9bd8a0d95073l-b3967752871od-w480_h360_x2.webp?w=1080&q=75, http://ap.rdcpix.com/e24398e3e7fc5885b50d9bd8a0d95073l-b3178269325od-w480_h360_x2.webp?w=1080&q=75, http://ap.rdcpix.com/e24398e3e7fc5885b50d9bd8a0d95073l-b3895875721od-w480_h360_x2.webp?w=1080&q=75, http://ap.rdcpix.com/e24398e3e7fc5885b50d9bd8a0d95073l-b2986253400od-w480_h360_x2.webp?w=1080&q=75, http://ap.rdcpix.com/e24398e3e7fc5885b50d9bd8a0d95073l-b2256624098od-w480_h360_x2.webp?w=1080&q=75, http://ap.rdcpix.com/e24398e3e7fc5885b50d9bd8a0d95073l-b3294035621od-w480_h360_x2.webp?w=1080&q=75, http://ap.rdcpix.com/e24398e3e7fc5885b50d9bd8a0d95073l-b2435503960od-w480_h360_x2.webp?w=1080&q=75, http://ap.rdcpix.com/e24398e3e7fc5885b50d9bd8a0d95073l-b2185502522od-w480_h360_x2.webp?w=1080&q=75, http://ap.rdcpix.com/e24398e3e7fc5885b50d9bd8a0d95073l-b2655973760od-w480_h360_x2.webp?w=1080&q=75, http://ap.rdcpix.com/e24398e3e7fc5885b50d9bd8a0d95073l-b1704166943od-w480_h360_x2.webp?w=1080&q=75, http://ap.rdcpix.com/e24398e3e7fc5885b50d9bd8a0d95073l-b4068377119od-w480_h360_x2.webp?w=1080&q=75, http://ap.rdcpix.com/e24398e3e7fc5885b50d9bd8a0d95073l-b3352985708od-w480_h360_x2.webp?w=1080&q=75, http://ap.rdcpix.com/e24398e3e7fc5885b50d9bd8a0d95073l-b340063690od-w480_h360_x2.webp?w=1080&q=75, http://ap.rdcpix.com/e24398e3e7fc5885b50d9bd8a0d95073l-b1109175551od-w480_h360_x2.webp?w=1080&q=75, http://ap.rdcpix.com/e24398e3e7fc5885b50d9bd8a0d95073l-b3675444579od-w480_h360_x2.webp?w=1080&q=75, http://ap.rdcpix.com/e24398e3e7fc5885b50d9bd8a0d95073l-b3453973304od-w480_h360_x2.webp?w=1080&q=75, http://ap.rdcpix.com/e24398e3e7fc5885b50d9bd8a0d95073l-b1797244268od-w480_h360_x2.webp?w=1080&q=75, http://ap.rdcpix.com/e24398e3e7fc5885b50d9bd8a0d95073l-b4029951498od-w480_h360_x2.webp?w=1080&q=75, http://ap.rdcpix.com/e24398e3e7fc5885b50d9bd8a0d95073l-b653110970od-w480_h360_x2.webp?w=1080&q=75, http://ap.rdcpix.com/e24398e3e7fc5885b50d9bd8a0d95073l-b3439778101od-w480_h360_x2.webp?w=1080&q=75, http://ap.rdcpix.com/e24398e3e7fc5885b50d9bd8a0d95073l-b2674104486od-w480_h360_x2.webp?w=1080&q=75, http://ap.rdcpix.com/e24398e3e7fc5885b50d9bd8a0d95073l-b2080083048od-w480_h360_x2.webp?w=1080&q=75, http://ap.rdcpix.com/e24398e3e7fc5885b50d9bd8a0d95073l-b848689675od-w480_h360_x2.webp?w=1080&q=75, http://ap.rdcpix.com/e24398e3e7fc5885b50d9bd8a0d95073l-b3214549459od-w480_h360_x2.webp?w=1080&q=75"
https://www.realtor.com/realestateandhomes-detail/1552916506,SEWA,2252937,SOLD,"{Single Story Charmer} in The Cedars! Welcome to this fabulous 3 bedroom, 1.75 bath 1500+ square foot home in this beautiful 55+ community. The engineered hardwoods throughout most of the home are a dream! As you enter this light filled home, you will find a darling eating/dining nook open to the nice sized kitchen. The Kitchen area has additional seating at the breakfast bar, tons of cabinets and counterspace. This area opens to a huge living room that has a darling fireplace and overlooks the backyard and wrap around deck. Primary bedroom has attached en-suite with large soaking tub and walk-in closet. Two more large bedrooms, one with double doors. 2 car attached garage, cute front porch, new roof, all appliances stay and so much more!",CONDOS,1207  Fidalgo Dr,Unit 90,Burlington,WA,98233,3,1,,1580,2002,34,499000,2024-06-18,495000,2024-07-22,4356,313,48.461972,-122.321954,,Skagit,53057,1,485,2,,,,Burlington-Edison School District,http://ap.rdcpix.com/66c5618f0963f311b7feac10fb05fdf0l-m59462147od-w480_h360_x2.webp?w=1080&q=75,"http://ap.rdcpix.com/66c5618f0963f311b7feac10fb05fdf0l-m59462147od-w480_h360_x2.webp?w=1080&q=75, http://ap.rdcpix.com/66c5618f0963f311b7feac10fb05fdf0l-m2904252od-w480_h360_x2.webp?w=1080&q=75, http://ap.rdcpix.com/66c5618f0963f311b7feac10fb05fdf0l-m4093976313od-w480_h360_x2.webp?w=1080&q=75, http://ap.rdcpix.com/66c5618f0963f311b7feac10fb05fdf0l-m1968948683od-w480_h360_x2.webp?w=1080&q=75, http://ap.rdcpix.com/66c5618f0963f311b7feac10fb05fdf0l-m37502199od-w480_h360_x2.webp?w=1080&q=75, http://ap.rdcpix.com/66c5618f0963f311b7feac10fb05fdf0l-m169824877od-w480_h360_x2.webp?w=1080&q=75, http://ap.rdcpix.com/66c5618f0963f311b7feac10fb05fdf0l-m270269199od-w480_h360_x2.webp?w=1080&q=75, http://ap.rdcpix.com/66c5618f0963f311b7feac10fb05fdf0l-m4199398995od-w480_h360_x2.webp?w=1080&q=75, http://ap.rdcpix.com/66c5618f0963f311b7feac10fb05fdf0l-m3986663501od-w480_h360_x2.webp?w=1080&q=75, http://ap.rdcpix.com/66c5618f0963f311b7feac10fb05fdf0l-m3116611789od-w480_h360_x2.webp?w=1080&q=75, http://ap.rdcpix.com/66c5618f0963f311b7feac10fb05fdf0l-m1537658521od-w480_h360_x2.webp?w=1080&q=75, http://ap.rdcpix.com/66c5618f0963f311b7feac10fb05fdf0l-m3953953229od-w480_h360_x2.webp?w=1080&q=75, http://ap.rdcpix.com/66c5618f0963f311b7feac10fb05fdf0l-m3070332717od-w480_h360_x2.webp?w=1080&q=75, http://ap.rdcpix.com/66c5618f0963f311b7feac10fb05fdf0l-m2110276552od-w480_h360_x2.webp?w=1080&q=75, http://ap.rdcpix.com/66c5618f0963f311b7feac10fb05fdf0l-m818128429od-w480_h360_x2.webp?w=1080&q=75, http://ap.rdcpix.com/66c5618f0963f311b7feac10fb05fdf0l-m1589905370od-w480_h360_x2.webp?w=1080&q=75, http://ap.rdcpix.com/66c5618f0963f311b7feac10fb05fdf0l-m252793219od-w480_h360_x2.webp?w=1080&q=75, http://ap.rdcpix.com/66c5618f0963f311b7feac10fb05fdf0l-m4080932813od-w480_h360_x2.webp?w=1080&q=75, http://ap.rdcpix.com/66c5618f0963f311b7feac10fb05fdf0l-m298911889od-w480_h360_x2.webp?w=1080&q=75, http://ap.rdcpix.com/66c5618f0963f311b7feac10fb05fdf0l-m1982537312od-w480_h360_x2.webp?w=1080&q=75, http://ap.rdcpix.com/66c5618f0963f311b7feac10fb05fdf0l-m18643528od-w480_h360_x2.webp?w=1080&q=75, http://ap.rdcpix.com/66c5618f0963f311b7feac10fb05fdf0l-m703898848od-w480_h360_x2.webp?w=1080&q=75, http://ap.rdcpix.com/66c5618f0963f311b7feac10fb05fdf0l-m2273236733od-w480_h360_x2.webp?w=1080&q=75, http://ap.rdcpix.com/66c5618f0963f311b7feac10fb05fdf0l-m3329080107od-w480_h360_x2.webp?w=1080&q=75, http://ap.rdcpix.com/66c5618f0963f311b7feac10fb05fdf0l-m1082293523od-w480_h360_x2.webp?w=1080&q=75, http://ap.rdcpix.com/66c5618f0963f311b7feac10fb05fdf0l-m1081077512od-w480_h360_x2.webp?w=1080&q=75, http://ap.rdcpix.com/66c5618f0963f311b7feac10fb05fdf0l-m1392457204od-w480_h360_x2.webp?w=1080&q=75, http://ap.rdcpix.com/66c5618f0963f311b7feac10fb05fdf0l-m1973022552od-w480_h360_x2.webp?w=1080&q=75, http://ap.rdcpix.com/66c5618f0963f311b7feac10fb05fdf0l-m3180742786od-w480_h360_x2.webp?w=1080&q=75, http://ap.rdcpix.com/66c5618f0963f311b7feac10fb05fdf0l-m737753696od-w480_h360_x2.webp?w=1080&q=75, http://ap.rdcpix.com/66c5618f0963f311b7feac10fb05fdf0l-m3423805872od-w480_h360_x2.webp?w=1080&q=75, http://ap.rdcpix.com/66c5618f0963f311b7feac10fb05fdf0l-m12042247od-w480_h360_x2.webp?w=1080&q=75"
https://www.realtor.com/realestateandhomes-detail/2953263932,SEWA,2245005,SOLD,"Diamond in the rough! Needs TLC but great potential here - large three bedroom home. An attached garage that has been converted into living space - could be studio space. Quiet part of town, come look!",SINGLE_FAMILY,220 E Section St,,Mount Vernon,WA,98273,3,1,,1891,1905,53,319000,2024-06-01,325000,2024-07-24,5227,172,48.413626,-122.33344,,Skagit,53057,1,0,,,,,Mount Vernon School District,http://ap.rdcpix.com/2225d698dd4a44778fb760953e4c0a23l-m2420317458od-w480_h360_x2.webp?w=1080&q=75,"http://ap.rdcpix.com/2225d698dd4a44778fb760953e4c0a23l-m2420317458od-w480_h360_x2.webp?w=1080&q=75, http://ap.rdcpix.com/2225d698dd4a44778fb760953e4c0a23l-m804924228od-w480_h360_x2.webp?w=1080&q=75, http://ap.rdcpix.com/2225d698dd4a44778fb760953e4c0a23l-m2581097994od-w480_h360_x2.webp?w=1080&q=75, http://ap.rdcpix.com/2225d698dd4a44778fb760953e4c0a23l-m347246288od-w480_h360_x2.webp?w=1080&q=75, http://ap.rdcpix.com/2225d698dd4a44778fb760953e4c0a23l-m3677865225od-w480_h360_x2.webp?w=1080&q=75, http://ap.rdcpix.com/2225d698dd4a44778fb760953e4c0a23l-m383440516od-w480_h360_x2.webp?w=1080&q=75, http://ap.rdcpix.com/2225d698dd4a44778fb760953e4c0a23l-m2979784864od-w480_h360_x2.webp?w=1080&q=75, http://ap.rdcpix.com/2225d698dd4a44778fb760953e4c0a23l-m2324121373od-w480_h360_x2.webp?w=1080&q=75, http://ap.rdcpix.com/2225d698dd4a44778fb760953e4c0a23l-m51774132od-w480_h360_x2.webp?w=1080&q=75, http://ap.rdcpix.com/2225d698dd4a44778fb760953e4c0a23l-m1637850798od-w480_h360_x2.webp?w=1080&q=75, http://ap.rdcpix.com/2225d698dd4a44778fb760953e4c0a23l-m210145437od-w480_h360_x2.webp?w=1080&q=75, http://ap.rdcpix.com/2225d698dd4a44778fb760953e4c0a23l-m1503079174od-w480_h360_x2.webp?w=1080&q=75, http://ap.rdcpix.com/2225d698dd4a44778fb760953e4c0a23l-m3598493344od-w480_h360_x2.webp?w=1080&q=75, http://ap.rdcpix.com/2225d698dd4a44778fb760953e4c0a23l-m2873851271od-w480_h360_x2.webp?w=1080&q=75, http://ap.rdcpix.com/2225d698dd4a44778fb760953e4c0a23l-m501390900od-w480_h360_x2.webp?w=1080&q=75, http://ap.rdcpix.com/2225d698dd4a44778fb760953e4c0a23l-m2353380625od-w480_h360_x2.webp?w=1080&q=75"
https://www.realtor.com/realestateandhomes-detail/9088452859,SEWA,2225144,SOLD,"Immerse yourself in the tranquility and scenic beauty of a sprawling 2.5-acre lot, ripe with opportunity to construct the home of your dreams. Nestled amidst nature's serenity, this property features the enchanting ambience set against a backdrop that exudes pure picturesque charm. The land is beautifully canopied with an assortment of trees, offering an enclave of seclusion for your bespoke residence. Water access is available with options for a cistern system or by harnessing a connection just 500 feet away from Fruitdale Road. Additionally, electricity is on the property. Situated minutes from town and free from the constraints of a HOA, this land is a versatile blank slate to bring your real estate vision to life.",LAND,24201  Willida Ln,,Sedro Woolley,WA,98284,,,,,,97,99900,2024-04-18,90000,2024-07-24,111514,,48.529935,-122.22065,Sedro - Woolley,Skagit,53057,,0,,,,,Sedro-Woolley School District,http://ap.rdcpix.com/7ccc021e1ac1e09a8d3168dcfcc0546fl-m1979920066od-w480_h360_x2.webp?w=1080&q=75,"http://ap.rdcpix.com/7ccc021e1ac1e09a8d3168dcfcc0546fl-m1979920066od-w480_h360_x2.webp?w=1080&q=75, http://ap.rdcpix.com/7ccc021e1ac1e09a8d3168dcfcc0546fl-m2584529281od-w480_h360_x2.webp?w=1080&q=75, http://ap.rdcpix.com/7ccc021e1ac1e09a8d3168dcfcc0546fl-m361982503od-w480_h360_x2.webp?w=1080&q=75, http://ap.rdcpix.com/7ccc021e1ac1e09a8d3168dcfcc0546fl-m414885013od-w480_h360_x2.webp?w=1080&q=75, http://ap.rdcpix.com/7ccc021e1ac1e09a8d3168dcfcc0546fl-m1179468692od-w480_h360_x2.webp?w=1080&q=75, http://ap.rdcpix.com/7ccc021e1ac1e09a8d3168dcfcc0546fl-m1600265295od-w480_h360_x2.webp?w=1080&q=75, http://ap.rdcpix.com/7ccc021e1ac1e09a8d3168dcfcc0546fl-m1397210842od-w480_h360_x2.webp?w=1080&q=75, http://ap.rdcpix.com/7ccc021e1ac1e09a8d3168dcfcc0546fl-m1397210842od-w480_h360_x2.webp?w=1080&q=75, http://ap.rdcpix.com/7ccc021e1ac1e09a8d3168dcfcc0546fl-m2776430256od-w480_h360_x2.webp?w=1080&q=75, http://ap.rdcpix.com/7ccc021e1ac1e09a8d3168dcfcc0546fl-m3099059612od-w480_h360_x2.webp?w=1080&q=75, http://ap.rdcpix.com/7ccc021e1ac1e09a8d3168dcfcc0546fl-m1750570368od-w480_h360_x2.webp?w=1080&q=75, http://ap.rdcpix.com/7ccc021e1ac1e09a8d3168dcfcc0546fl-m4048920411od-w480_h360_x2.webp?w=1080&q=75"
https://www.realtor.com/realestateandhomes-detail/2368817602,SEWA,2238995,SOLD,"Love a project? How about a cabin in the woods with beach access? This is one of 13 properties that share community beach access w/large dock that holds up to 6 boats. Main floor has kitchen/dining/living area with wood fireplace, bdrm, 3/4 bath. Upper level has 2 more bedrooms. Property i 2 parcels with 2 beach rights and 1 acre that allows for privacy. Front deck overlooks the park like yard and side deck with fire pit sits above the stream. Rebuild/remodel adding your personal touch to make it truly special. Detached garage provides ample storage for all your outdoor gear. Best of all you can enjoy lake living without the burden of high taxes. Beach is just a quick walk away. Water source is adjacent stream well can be drilled.",SINGLE_FAMILY,35232  Deer Creek Rd,,Mount Vernon,WA,98274,2,,,840,1960,35,399000,2024-06-14,375000,2024-07-19,36590,446,48.308357,-121.985319,,Skagit,53057,2,20,1,,,,Sedro-Woolley School District,http://ap.rdcpix.com/147274927d8d6565aaf23fdda8185260l-m3205218070od-w480_h360_x2.webp?w=1080&q=75,"http://ap.rdcpix.com/147274927d8d6565aaf23fdda8185260l-m3205218070od-w480_h360_x2.webp?w=1080&q=75, http://ap.rdcpix.com/147274927d8d6565aaf23fdda8185260l-m3791682051od-w480_h360_x2.webp?w=1080&q=75, http://ap.rdcpix.com/147274927d8d6565aaf23fdda8185260l-m663407139od-w480_h360_x2.webp?w=1080&q=75, http://ap.rdcpix.com/147274927d8d6565aaf23fdda8185260l-m2795605164od-w480_h360_x2.webp?w=1080&q=75, http://ap.rdcpix.com/147274927d8d6565aaf23fdda8185260l-m2523936175od-w480_h360_x2.webp?w=1080&q=75, http://ap.rdcpix.com/147274927d8d6565aaf23fdda8185260l-m3157147194od-w480_h360_x2.webp?w=1080&q=75, http://ap.rdcpix.com/147274927d8d6565aaf23fdda8185260l-m1405199190od-w480_h360_x2.webp?w=1080&q=75, http://ap.rdcpix.com/147274927d8d6565aaf23fdda8185260l-m3425130997od-w480_h360_x2.webp?w=1080&q=75, http://ap.rdcpix.com/147274927d8d6565aaf23fdda8185260l-m180025361od-w480_h360_x2.webp?w=1080&q=75, http://ap.rdcpix.com/147274927d8d6565aaf23fdda8185260l-m3635476190od-w480_h360_x2.webp?w=1080&q=75, http://ap.rdcpix.com/147274927d8d6565aaf23fdda8185260l-m3151469469od-w480_h360_x2.webp?w=1080&q=75, http://ap.rdcpix.com/147274927d8d6565aaf23fdda8185260l-m1899076762od-w480_h360_x2.webp?w=1080&q=75, http://ap.rdcpix.com/147274927d8d6565aaf23fdda8185260l-m3637974574od-w480_h360_x2.webp?w=1080&q=75, http://ap.rdcpix.com/147274927d8d6565aaf23fdda8185260l-m1323143360od-w480_h360_x2.webp?w=1080&q=75, http://ap.rdcpix.com/147274927d8d6565aaf23fdda8185260l-m3485165261od-w480_h360_x2.webp?w=1080&q=75, http://ap.rdcpix.com/147274927d8d6565aaf23fdda8185260l-m3735805037od-w480_h360_x2.webp?w=1080&q=75, http://ap.rdcpix.com/147274927d8d6565aaf23fdda8185260l-m448521158od-w480_h360_x2.webp?w=1080&q=75, http://ap.rdcpix.com/147274927d8d6565aaf23fdda8185260l-m2568650143od-w480_h360_x2.webp?w=1080&q=75, http://ap.rdcpix.com/147274927d8d6565aaf23fdda8185260l-m3508625316od-w480_h360_x2.webp?w=1080&q=75, http://ap.rdcpix.com/147274927d8d6565aaf23fdda8185260l-m852378010od-w480_h360_x2.webp?w=1080&q=75, http://ap.rdcpix.com/147274927d8d6565aaf23fdda8185260l-m4271479492od-w480_h360_x2.webp?w=1080&q=75, http://ap.rdcpix.com/147274927d8d6565aaf23fdda8185260l-m323613488od-w480_h360_x2.webp?w=1080&q=75, http://ap.rdcpix.com/147274927d8d6565aaf23fdda8185260l-m1868375217od-w480_h360_x2.webp?w=1080&q=75, http://ap.rdcpix.com/147274927d8d6565aaf23fdda8185260l-m3778717255od-w480_h360_x2.webp?w=1080&q=75, http://ap.rdcpix.com/147274927d8d6565aaf23fdda8185260l-m1748769914od-w480_h360_x2.webp?w=1080&q=75, http://ap.rdcpix.com/147274927d8d6565aaf23fdda8185260l-m1909114721od-w480_h360_x2.webp?w=1080&q=75, http://ap.rdcpix.com/147274927d8d6565aaf23fdda8185260l-m630313140od-w480_h360_x2.webp?w=1080&q=75, http://ap.rdcpix.com/147274927d8d6565aaf23fdda8185260l-m3345091155od-w480_h360_x2.webp?w=1080&q=75, http://ap.rdcpix.com/147274927d8d6565aaf23fdda8185260l-m3602200696od-w480_h360_x2.webp?w=1080&q=75, http://ap.rdcpix.com/147274927d8d6565aaf23fdda8185260l-m4231101847od-w480_h360_x2.webp?w=1080&q=75, http://ap.rdcpix.com/147274927d8d6565aaf23fdda8185260l-m3588741698od-w480_h360_x2.webp?w=1080&q=75, http://ap.rdcpix.com/147274927d8d6565aaf23fdda8185260l-m518521899od-w480_h360_x2.webp?w=1080&q=75, http://ap.rdcpix.com/147274927d8d6565aaf23fdda8185260l-m249283071od-w480_h360_x2.webp?w=1080&q=75, http://ap.rdcpix.com/147274927d8d6565aaf23fdda8185260l-m3558762645od-w480_h360_x2.webp?w=1080&q=75, http://ap.rdcpix.com/147274927d8d6565aaf23fdda8185260l-m2390234540od-w480_h360_x2.webp?w=1080&q=75, http://ap.rdcpix.com/147274927d8d6565aaf23fdda8185260l-m985823160od-w480_h360_x2.webp?w=1080&q=75, http://ap.rdcpix.com/147274927d8d6565aaf23fdda8185260l-m3640557061od-w480_h360_x2.webp?w=1080&q=75"
https://www.realtor.com/realestateandhomes-detail/2838301649,SEWA,2235090,SOLD,"Nestled in the picturesque Village Park neighborhood, this impeccably maintained home exudes elegance & comfort. Upon entry, be greeted by soaring ceilings leading to cozy living room adorned with fireplace & built-ins. The thoughtfully designed layout flows seamlessly into dining area & functional kitchen boasting honed granite countertops & Viking range. Connected to the kitchen is family room featuring 2nd fireplace & access to private lush garden back patio. Upstairs, discover an open bonus room, 2 bedrooms, full bath & laundry room for added convenience. Spacious primary suite offers french doors opening to own private deck, 5-piece attached bath & walk-in closet. Plus oversized 3-car garage perfect for hobbies. Home radiates serenity.",SINGLE_FAMILY,2217  35th Ct,,Anacortes,WA,98221,3,2,1,2080,2002,56,799000,2024-05-24,799000,2024-07-19,7841,384,48.493542,-122.632857,Village Park,Skagit,53057,2,63,3,,,,Anacortes School District,http://ap.rdcpix.com/1880eae1a6cf1576cae51e00d0deec2al-m995196472od-w480_h360_x2.webp?w=1080&q=75,"http://ap.rdcpix.com/1880eae1a6cf1576cae51e00d0deec2al-m995196472od-w480_h360_x2.webp?w=1080&q=75, http://ap.rdcpix.com/1880eae1a6cf1576cae51e00d0deec2al-m2351102090od-w480_h360_x2.webp?w=1080&q=75, http://ap.rdcpix.com/1880eae1a6cf1576cae51e00d0deec2al-m3113550od-w480_h360_x2.webp?w=1080&q=75, http://ap.rdcpix.com/1880eae1a6cf1576cae51e00d0deec2al-m1026004875od-w480_h360_x2.webp?w=1080&q=75, http://ap.rdcpix.com/1880eae1a6cf1576cae51e00d0deec2al-m3961392351od-w480_h360_x2.webp?w=1080&q=75, http://ap.rdcpix.com/1880eae1a6cf1576cae51e00d0deec2al-m2491532217od-w480_h360_x2.webp?w=1080&q=75, http://ap.rdcpix.com/1880eae1a6cf1576cae51e00d0deec2al-m369100367od-w480_h360_x2.webp?w=1080&q=75, http://ap.rdcpix.com/1880eae1a6cf1576cae51e00d0deec2al-m2534839043od-w480_h360_x2.webp?w=1080&q=75, http://ap.rdcpix.com/1880eae1a6cf1576cae51e00d0deec2al-m2720378021od-w480_h360_x2.webp?w=1080&q=75, http://ap.rdcpix.com/1880eae1a6cf1576cae51e00d0deec2al-m1982785715od-w480_h360_x2.webp?w=1080&q=75, http://ap.rdcpix.com/1880eae1a6cf1576cae51e00d0deec2al-m4152970031od-w480_h360_x2.webp?w=1080&q=75, http://ap.rdcpix.com/1880eae1a6cf1576cae51e00d0deec2al-m2640151143od-w480_h360_x2.webp?w=1080&q=75, http://ap.rdcpix.com/1880eae1a6cf1576cae51e00d0deec2al-m448673130od-w480_h360_x2.webp?w=1080&q=75, http://ap.rdcpix.com/1880eae1a6cf1576cae51e00d0deec2al-m1928947733od-w480_h360_x2.webp?w=1080&q=75, http://ap.rdcpix.com/1880eae1a6cf1576cae51e00d0deec2al-m2580887401od-w480_h360_x2.webp?w=1080&q=75, http://ap.rdcpix.com/1880eae1a6cf1576cae51e00d0deec2al-m2697922884od-w480_h360_x2.webp?w=1080&q=75, http://ap.rdcpix.com/1880eae1a6cf1576cae51e00d0deec2al-m3875864937od-w480_h360_x2.webp?w=1080&q=75, http://ap.rdcpix.com/1880eae1a6cf1576cae51e00d0deec2al-m3960246159od-w480_h360_x2.webp?w=1080&q=75, http://ap.rdcpix.com/1880eae1a6cf1576cae51e00d0deec2al-m2858186214od-w480_h360_x2.webp?w=1080&q=75, http://ap.rdcpix.com/1880eae1a6cf1576cae51e00d0deec2al-m1623254483od-w480_h360_x2.webp?w=1080&q=75, http://ap.rdcpix.com/1880eae1a6cf1576cae51e00d0deec2al-m180428212od-w480_h360_x2.webp?w=1080&q=75, http://ap.rdcpix.com/1880eae1a6cf1576cae51e00d0deec2al-m503969076od-w480_h360_x2.webp?w=1080&q=75, http://ap.rdcpix.com/1880eae1a6cf1576cae51e00d0deec2al-m2738955333od-w480_h360_x2.webp?w=1080&q=75, http://ap.rdcpix.com/1880eae1a6cf1576cae51e00d0deec2al-m924466023od-w480_h360_x2.webp?w=1080&q=75, http://ap.rdcpix.com/1880eae1a6cf1576cae51e00d0deec2al-m1748106224od-w480_h360_x2.webp?w=1080&q=75, http://ap.rdcpix.com/1880eae1a6cf1576cae51e00d0deec2al-m2036347535od-w480_h360_x2.webp?w=1080&q=75, http://ap.rdcpix.com/1880eae1a6cf1576cae51e00d0deec2al-m4031064987od-w480_h360_x2.webp?w=1080&q=75, http://ap.rdcpix.com/1880eae1a6cf1576cae51e00d0deec2al-m2281582842od-w480_h360_x2.webp?w=1080&q=75, http://ap.rdcpix.com/1880eae1a6cf1576cae51e00d0deec2al-m2397866669od-w480_h360_x2.webp?w=1080&q=75, http://ap.rdcpix.com/1880eae1a6cf1576cae51e00d0deec2al-m1023117042od-w480_h360_x2.webp?w=1080&q=75, http://ap.rdcpix.com/1880eae1a6cf1576cae51e00d0deec2al-m1906860601od-w480_h360_x2.webp?w=1080&q=75, http://ap.rdcpix.com/1880eae1a6cf1576cae51e00d0deec2al-m247919386od-w480_h360_x2.webp?w=1080&q=75, http://ap.rdcpix.com/1880eae1a6cf1576cae51e00d0deec2al-m1668308238od-w480_h360_x2.webp?w=1080&q=75, http://ap.rdcpix.com/1880eae1a6cf1576cae51e00d0deec2al-m1225996575od-w480_h360_x2.webp?w=1080&q=75, http://ap.rdcpix.com/1880eae1a6cf1576cae51e00d0deec2al-m1033879945od-w480_h360_x2.webp?w=1080&q=75, http://ap.rdcpix.com/1880eae1a6cf1576cae51e00d0deec2al-m1657046374od-w480_h360_x2.webp?w=1080&q=75, http://ap.rdcpix.com/1880eae1a6cf1576cae51e00d0deec2al-m1507587812od-w480_h360_x2.webp?w=1080&q=75, http://ap.rdcpix.com/1880eae1a6cf1576cae51e00d0deec2al-m3446362580od-w480_h360_x2.webp?w=1080&q=75, http://ap.rdcpix.com/1880eae1a6cf1576cae51e00d0deec2al-m2859535236od-w480_h360_x2.webp?w=1080&q=75, http://ap.rdcpix.com/1880eae1a6cf1576cae51e00d0deec2al-m3049821099od-w480_h360_x2.webp?w=1080&q=75"
https://www.realtor.com/realestateandhomes-detail/2497893527,SEWA,2221681,SOLD,"Stunning 3-bdr home in Skyline offers breathtaking views of Burrows Bay, the marina, & surrounding islands. This thoughtfully designed residence features Main level living and a view from every rm, along with so much space downstairs you will have a place for all your hobbies. Use the extra space for an exercise room and finish by using your very own sauna. The lower level has entry to the low maintenance garden, complete with a large RV space! The kitchen boasts an instant hot water, radiant floor heat in the bthrm and the fireplace is two sided. The house is topped off with solar panels for great savings long term! Live large in the Skyline community with access to amenities ie clubhouse, sports courts, beach access, parks & more!",SINGLE_FAMILY,1811  Fife Pl,,Anacortes,WA,98221,3,2,1,2937,1989,92,1049000,2024-04-18,1038000,2024-07-19,9225,353,48.497596,-122.669864,,Skagit,53057,1,20,2,,,,Anacortes School District,http://ap.rdcpix.com/b36c10796c421e9aef350960ba554a7al-m994344550od-w480_h360_x2.webp?w=1080&q=75,"http://ap.rdcpix.com/b36c10796c421e9aef350960ba554a7al-m994344550od-w480_h360_x2.webp?w=1080&q=75, http://ap.rdcpix.com/b36c10796c421e9aef350960ba554a7al-m3176425677od-w480_h360_x2.webp?w=1080&q=75, http://ap.rdcpix.com/b36c10796c421e9aef350960ba554a7al-m323839002od-w480_h360_x2.webp?w=1080&q=75, http://ap.rdcpix.com/b36c10796c421e9aef350960ba554a7al-m1096369368od-w480_h360_x2.webp?w=1080&q=75, http://ap.rdcpix.com/b36c10796c421e9aef350960ba554a7al-m2076233934od-w480_h360_x2.webp?w=1080&q=75, http://ap.rdcpix.com/b36c10796c421e9aef350960ba554a7al-m4243278907od-w480_h360_x2.webp?w=1080&q=75, http://ap.rdcpix.com/b36c10796c421e9aef350960ba554a7al-m2254324960od-w480_h360_x2.webp?w=1080&q=75, http://ap.rdcpix.com/b36c10796c421e9aef350960ba554a7al-m2528026916od-w480_h360_x2.webp?w=1080&q=75, http://ap.rdcpix.com/b36c10796c421e9aef350960ba554a7al-m3967035394od-w480_h360_x2.webp?w=1080&q=75, http://ap.rdcpix.com/b36c10796c421e9aef350960ba554a7al-m1189863795od-w480_h360_x2.webp?w=1080&q=75, http://ap.rdcpix.com/b36c10796c421e9aef350960ba554a7al-m8689611od-w480_h360_x2.webp?w=1080&q=75, http://ap.rdcpix.com/b36c10796c421e9aef350960ba554a7al-m4196791536od-w480_h360_x2.webp?w=1080&q=75, http://ap.rdcpix.com/b36c10796c421e9aef350960ba554a7al-m1287809334od-w480_h360_x2.webp?w=1080&q=75, http://ap.rdcpix.com/b36c10796c421e9aef350960ba554a7al-m428258694od-w480_h360_x2.webp?w=1080&q=75, http://ap.rdcpix.com/b36c10796c421e9aef350960ba554a7al-m3495151802od-w480_h360_x2.webp?w=1080&q=75, http://ap.rdcpix.com/b36c10796c421e9aef350960ba554a7al-m648891589od-w480_h360_x2.webp?w=1080&q=75, http://ap.rdcpix.com/b36c10796c421e9aef350960ba554a7al-m1882019070od-w480_h360_x2.webp?w=1080&q=75, http://ap.rdcpix.com/b36c10796c421e9aef350960ba554a7al-m1033316273od-w480_h360_x2.webp?w=1080&q=75, http://ap.rdcpix.com/b36c10796c421e9aef350960ba554a7al-m1445659460od-w480_h360_x2.webp?w=1080&q=75, http://ap.rdcpix.com/b36c10796c421e9aef350960ba554a7al-m2147968776od-w480_h360_x2.webp?w=1080&q=75, http://ap.rdcpix.com/b36c10796c421e9aef350960ba554a7al-m1290614747od-w480_h360_x2.webp?w=1080&q=75, http://ap.rdcpix.com/b36c10796c421e9aef350960ba554a7al-m3910484573od-w480_h360_x2.webp?w=1080&q=75, http://ap.rdcpix.com/b36c10796c421e9aef350960ba554a7al-m943440800od-w480_h360_x2.webp?w=1080&q=75, http://ap.rdcpix.com/b36c10796c421e9aef350960ba554a7al-m2260479744od-w480_h360_x2.webp?w=1080&q=75, http://ap.rdcpix.com/b36c10796c421e9aef350960ba554a7al-m2960841301od-w480_h360_x2.webp?w=1080&q=75, http://ap.rdcpix.com/b36c10796c421e9aef350960ba554a7al-m1840445555od-w480_h360_x2.webp?w=1080&q=75, http://ap.rdcpix.com/b36c10796c421e9aef350960ba554a7al-m68493856od-w480_h360_x2.webp?w=1080&q=75"
https://www.realtor.com/realestateandhomes-detail/2129477529,SEWA,2241851,SOLD,"Island life w/ no ferry needed in this fully remodeled home (new roof, int/ext paint, bathrooms, heating & more - see supplements); Edison/Bow restaurants & shopping are minutes away + world class birding/biking. Glorious views of Padilla Bay & the SJ islands are seen from almost every room; 60' of waterfront from your private bulkhead offers access for water sports or relaxing beach strolls. The huge deck & covered dining makes outdoor living possible almost year round. Relax in front of the large fireplace or in the cozy reading nook perfect for hibernating or napping. Or, escape to the sweet artist/yoga studio to create or recharge. 5 Star Airbnb history; Waterfront properties on Samish Island are rarely available so now is your chance!!",SINGLE_FAMILY,9898  Samish Island Rd,,Bow,WA,98232,2,1,,1100,1985,49,1125000,2024-05-31,1190000,2024-07-19,15246,1082,48.573394,-122.533129,,Skagit,53057,2,0,,,,,Burlington-Edison School District,http://ap.rdcpix.com/d132e34b3b8a80b213b4bca0b98b3dd3l-b3017697533od-w480_h360_x2.webp?w=1080&q=75,"http://ap.rdcpix.com/d132e34b3b8a80b213b4bca0b98b3dd3l-b3017697533od-w480_h360_x2.webp?w=1080&q=75, http://ap.rdcpix.com/d132e34b3b8a80b213b4bca0b98b3dd3l-b2830360583od-w480_h360_x2.webp?w=1080&q=75, http://ap.rdcpix.com/d132e34b3b8a80b213b4bca0b98b3dd3l-b2797554491od-w480_h360_x2.webp?w=1080&q=75, http://ap.rdcpix.com/d132e34b3b8a80b213b4bca0b98b3dd3l-b3319885812od-w480_h360_x2.webp?w=1080&q=75, http://ap.rdcpix.com/d132e34b3b8a80b213b4bca0b98b3dd3l-b3343038725od-w480_h360_x2.webp?w=1080&q=75, http://ap.rdcpix.com/d132e34b3b8a80b213b4bca0b98b3dd3l-b843857008od-w480_h360_x2.webp?w=1080&q=75, http://ap.rdcpix.com/d132e34b3b8a80b213b4bca0b98b3dd3l-b646215991od-w480_h360_x2.webp?w=1080&q=75, http://ap.rdcpix.com/d132e34b3b8a80b213b4bca0b98b3dd3l-b2685946825od-w480_h360_x2.webp?w=1080&q=75, http://ap.rdcpix.com/d132e34b3b8a80b213b4bca0b98b3dd3l-b247937461od-w480_h360_x2.webp?w=1080&q=75, http://ap.rdcpix.com/d132e34b3b8a80b213b4bca0b98b3dd3l-b890885685od-w480_h360_x2.webp?w=1080&q=75, http://ap.rdcpix.com/d132e34b3b8a80b213b4bca0b98b3dd3l-b1519262011od-w480_h360_x2.webp?w=1080&q=75, http://ap.rdcpix.com/d132e34b3b8a80b213b4bca0b98b3dd3l-b3947668775od-w480_h360_x2.webp?w=1080&q=75, http://ap.rdcpix.com/d132e34b3b8a80b213b4bca0b98b3dd3l-b780453884od-w480_h360_x2.webp?w=1080&q=75, http://ap.rdcpix.com/d132e34b3b8a80b213b4bca0b98b3dd3l-b1476832461od-w480_h360_x2.webp?w=1080&q=75, http://ap.rdcpix.com/d132e34b3b8a80b213b4bca0b98b3dd3l-b328681730od-w480_h360_x2.webp?w=1080&q=75, http://ap.rdcpix.com/d132e34b3b8a80b213b4bca0b98b3dd3l-b1238304528od-w480_h360_x2.webp?w=1080&q=75, http://ap.rdcpix.com/d132e34b3b8a80b213b4bca0b98b3dd3l-b3078077258od-w480_h360_x2.webp?w=1080&q=75, http://ap.rdcpix.com/d132e34b3b8a80b213b4bca0b98b3dd3l-b2055608275od-w480_h360_x2.webp?w=1080&q=75, http://ap.rdcpix.com/d132e34b3b8a80b213b4bca0b98b3dd3l-b207956363od-w480_h360_x2.webp?w=1080&q=75, http://ap.rdcpix.com/d132e34b3b8a80b213b4bca0b98b3dd3l-b1647300494od-w480_h360_x2.webp?w=1080&q=75, http://ap.rdcpix.com/d132e34b3b8a80b213b4bca0b98b3dd3l-b1337446056od-w480_h360_x2.webp?w=1080&q=75, http://ap.rdcpix.com/d132e34b3b8a80b213b4bca0b98b3dd3l-b3668194512od-w480_h360_x2.webp?w=1080&q=75, http://ap.rdcpix.com/d132e34b3b8a80b213b4bca0b98b3dd3l-b1473883457od-w480_h360_x2.webp?w=1080&q=75, http://ap.rdcpix.com/d132e34b3b8a80b213b4bca0b98b3dd3l-b760698622od-w480_h360_x2.webp?w=1080&q=75, http://ap.rdcpix.com/d132e34b3b8a80b213b4bca0b98b3dd3l-b2518053286od-w480_h360_x2.webp?w=1080&q=75, http://ap.rdcpix.com/d132e34b3b8a80b213b4bca0b98b3dd3l-b4001435641od-w480_h360_x2.webp?w=1080&q=75, http://ap.rdcpix.com/d132e34b3b8a80b213b4bca0b98b3dd3l-b3250865738od-w480_h360_x2.webp?w=1080&q=75, http://ap.rdcpix.com/d132e34b3b8a80b213b4bca0b98b3dd3l-b3835564706od-w480_h360_x2.webp?w=1080&q=75, http://ap.rdcpix.com/d132e34b3b8a80b213b4bca0b98b3dd3l-b336874801od-w480_h360_x2.webp?w=1080&q=75, http://ap.rdcpix.com/d132e34b3b8a80b213b4bca0b98b3dd3l-b2530834555od-w480_h360_x2.webp?w=1080&q=75, http://ap.rdcpix.com/d132e34b3b8a80b213b4bca0b98b3dd3l-b177043885od-w480_h360_x2.webp?w=1080&q=75, http://ap.rdcpix.com/d132e34b3b8a80b213b4bca0b98b3dd3l-b1496922242od-w480_h360_x2.webp?w=1080&q=75, http://ap.rdcpix.com/d132e34b3b8a80b213b4bca0b98b3dd3l-b2847000185od-w480_h360_x2.webp?w=1080&q=75, http://ap.rdcpix.com/d132e34b3b8a80b213b4bca0b98b3dd3l-b91472106od-w480_h360_x2.webp?w=1080&q=75, http://ap.rdcpix.com/d132e34b3b8a80b213b4bca0b98b3dd3l-b2959021224od-w480_h360_x2.webp?w=1080&q=75, http://ap.rdcpix.com/d132e34b3b8a80b213b4bca0b98b3dd3l-b1482814907od-w480_h360_x2.webp?w=1080&q=75, http://ap.rdcpix.com/d132e34b3b8a80b213b4bca0b98b3dd3l-b2811445646od-w480_h360_x2.webp?w=1080&q=75, http://ap.rdcpix.com/d132e34b3b8a80b213b4bca0b98b3dd3l-b3482096496od-w480_h360_x2.webp?w=1080&q=75, http://ap.rdcpix.com/d132e34b3b8a80b213b4bca0b98b3dd3l-b471328647od-w480_h360_x2.webp?w=1080&q=75, http://ap.rdcpix.com/d132e34b3b8a80b213b4bca0b98b3dd3l-b28698166od-w480_h360_x2.webp?w=1080&q=75"
https://www.realtor.com/realestateandhomes-detail/2441662369,SEWA,2251732,SOLD,"Great remodeled rambler home in awesome location to Community Forestlands and Little Cranberry lake. This corner lot home offers quaint covered front porch looking over grassy front yard then leading into the main living areas with vaulted ceiling + skylight & tons of natural light from all the windows. Cozy gas fireplace in living room with extra room for showcase furniture, workspace or play. Dining area gives easy flow w/slider out to backyard, eat-at island & new kitchen with ss appliances, granite counters & plenty of cabinets. Boasting a total of 3 bedrooms, 3/4 bath off hallway & the good sized primary bedroom w/attached full bath. Two car garage with laundry. Outside let your imagination go wild-maybe a backyard rock water feature.",SINGLE_FAMILY,3519 W 7th Pl,,Anacortes,WA,98221,3,1,,1260,1984,36,575000,2024-06-13,585000,2024-07-19,8712,464,48.50412,-122.649098,Rockridge,Skagit,53057,1,0,2,,,,Anacortes School District,http://ap.rdcpix.com/46a01913275e5ee3cee53f23b5296837l-m4091003763od-w480_h360_x2.webp?w=1080&q=75,"http://ap.rdcpix.com/46a01913275e5ee3cee53f23b5296837l-m4091003763od-w480_h360_x2.webp?w=1080&q=75, http://ap.rdcpix.com/46a01913275e5ee3cee53f23b5296837l-m3604004535od-w480_h360_x2.webp?w=1080&q=75, http://ap.rdcpix.com/46a01913275e5ee3cee53f23b5296837l-m3507476273od-w480_h360_x2.webp?w=1080&q=75, http://ap.rdcpix.com/46a01913275e5ee3cee53f23b5296837l-m3845549422od-w480_h360_x2.webp?w=1080&q=75, http://ap.rdcpix.com/46a01913275e5ee3cee53f23b5296837l-m3994568800od-w480_h360_x2.webp?w=1080&q=75, http://ap.rdcpix.com/46a01913275e5ee3cee53f23b5296837l-m3782186491od-w480_h360_x2.webp?w=1080&q=75, http://ap.rdcpix.com/46a01913275e5ee3cee53f23b5296837l-m4235531413od-w480_h360_x2.webp?w=1080&q=75, http://ap.rdcpix.com/46a01913275e5ee3cee53f23b5296837l-m3824588038od-w480_h360_x2.webp?w=1080&q=75, http://ap.rdcpix.com/46a01913275e5ee3cee53f23b5296837l-m4206665416od-w480_h360_x2.webp?w=1080&q=75, http://ap.rdcpix.com/46a01913275e5ee3cee53f23b5296837l-m2792593297od-w480_h360_x2.webp?w=1080&q=75, http://ap.rdcpix.com/46a01913275e5ee3cee53f23b5296837l-m2820667767od-w480_h360_x2.webp?w=1080&q=75, http://ap.rdcpix.com/46a01913275e5ee3cee53f23b5296837l-m1470866316od-w480_h360_x2.webp?w=1080&q=75, http://ap.rdcpix.com/46a01913275e5ee3cee53f23b5296837l-m3278294633od-w480_h360_x2.webp?w=1080&q=75, http://ap.rdcpix.com/46a01913275e5ee3cee53f23b5296837l-m4087970977od-w480_h360_x2.webp?w=1080&q=75, http://ap.rdcpix.com/46a01913275e5ee3cee53f23b5296837l-m3919976978od-w480_h360_x2.webp?w=1080&q=75, http://ap.rdcpix.com/46a01913275e5ee3cee53f23b5296837l-m1955618110od-w480_h360_x2.webp?w=1080&q=75, http://ap.rdcpix.com/46a01913275e5ee3cee53f23b5296837l-m3403170300od-w480_h360_x2.webp?w=1080&q=75, http://ap.rdcpix.com/46a01913275e5ee3cee53f23b5296837l-m3313677838od-w480_h360_x2.webp?w=1080&q=75, http://ap.rdcpix.com/46a01913275e5ee3cee53f23b5296837l-m2584305512od-w480_h360_x2.webp?w=1080&q=75, http://ap.rdcpix.com/46a01913275e5ee3cee53f23b5296837l-m4117570319od-w480_h360_x2.webp?w=1080&q=75, http://ap.rdcpix.com/46a01913275e5ee3cee53f23b5296837l-m1088376727od-w480_h360_x2.webp?w=1080&q=75, http://ap.rdcpix.com/46a01913275e5ee3cee53f23b5296837l-m1029626574od-w480_h360_x2.webp?w=1080&q=75, http://ap.rdcpix.com/46a01913275e5ee3cee53f23b5296837l-m2891350430od-w480_h360_x2.webp?w=1080&q=75, http://ap.rdcpix.com/46a01913275e5ee3cee53f23b5296837l-m510216783od-w480_h360_x2.webp?w=1080&q=75, http://ap.rdcpix.com/46a01913275e5ee3cee53f23b5296837l-m1279096316od-w480_h360_x2.webp?w=1080&q=75"
https://www.realtor.com/realestateandhomes-detail/2380374416,SEWA,2219563,SOLD,"Bask in rays of sunlight in the great room as they penetrate every corner of the massive clearstory room w/a masonry fireplace for those crisp chilly days, bamboo floors 4 bedrooms; 2nd Living Room w/fireplace & hobby room. Something for everyone. Entertain in your chef's kitchen featuring double ovens, gas Jenn-air range & lots of granite counter & pantry space. Fantastic Master suite. Deck & patio offer a serene retreat where you can enjoy raised gardens or just unwind. Fully fenced side yard w/hot tub. Oversized garage w/shop space; 400-amp power service wired for generator & room for EV charging station. Community offers two private beaches, golf, tennis, pickle ball, sports courts, marina, free boat ramp, swimming pool, & club house!",SINGLE_FAMILY,619  Nehalem Ln,,La Conner,WA,98257,4,2,,3446,1979,66,479950,2024-05-14,460000,2024-07-19,10206,133,48.379727,-122.521599,,Skagit,53057,1,293,2,,,,La Conner School District,http://ap.rdcpix.com/560ee0fcae0023ab45f7096f9f47d095l-b3702759169od-w480_h360_x2.webp?w=1080&q=75,"http://ap.rdcpix.com/560ee0fcae0023ab45f7096f9f47d095l-b3702759169od-w480_h360_x2.webp?w=1080&q=75, http://ap.rdcpix.com/560ee0fcae0023ab45f7096f9f47d095l-b1771804976od-w480_h360_x2.webp?w=1080&q=75, http://ap.rdcpix.com/560ee0fcae0023ab45f7096f9f47d095l-b1772932025od-w480_h360_x2.webp?w=1080&q=75, http://ap.rdcpix.com/560ee0fcae0023ab45f7096f9f47d095l-b3400623570od-w480_h360_x2.webp?w=1080&q=75, http://ap.rdcpix.com/560ee0fcae0023ab45f7096f9f47d095l-b480804693od-w480_h360_x2.webp?w=1080&q=75, http://ap.rdcpix.com/560ee0fcae0023ab45f7096f9f47d095l-b2653683619od-w480_h360_x2.webp?w=1080&q=75, http://ap.rdcpix.com/560ee0fcae0023ab45f7096f9f47d095l-b456154726od-w480_h360_x2.webp?w=1080&q=75, http://ap.rdcpix.com/560ee0fcae0023ab45f7096f9f47d095l-b698057533od-w480_h360_x2.webp?w=1080&q=75, http://ap.rdcpix.com/560ee0fcae0023ab45f7096f9f47d095l-b4158959768od-w480_h360_x2.webp?w=1080&q=75, http://ap.rdcpix.com/560ee0fcae0023ab45f7096f9f47d095l-b2496127940od-w480_h360_x2.webp?w=1080&q=75, http://ap.rdcpix.com/560ee0fcae0023ab45f7096f9f47d095l-b3497154929od-w480_h360_x2.webp?w=1080&q=75, http://ap.rdcpix.com/560ee0fcae0023ab45f7096f9f47d095l-b2080579391od-w480_h360_x2.webp?w=1080&q=75, http://ap.rdcpix.com/560ee0fcae0023ab45f7096f9f47d095l-b747659312od-w480_h360_x2.webp?w=1080&q=75, http://ap.rdcpix.com/560ee0fcae0023ab45f7096f9f47d095l-b4162119351od-w480_h360_x2.webp?w=1080&q=75, http://ap.rdcpix.com/560ee0fcae0023ab45f7096f9f47d095l-b1149156477od-w480_h360_x2.webp?w=1080&q=75, http://ap.rdcpix.com/560ee0fcae0023ab45f7096f9f47d095l-b1874847211od-w480_h360_x2.webp?w=1080&q=75, http://ap.rdcpix.com/560ee0fcae0023ab45f7096f9f47d095l-b677151392od-w480_h360_x2.webp?w=1080&q=75, http://ap.rdcpix.com/560ee0fcae0023ab45f7096f9f47d095l-b3788193236od-w480_h360_x2.webp?w=1080&q=75, http://ap.rdcpix.com/560ee0fcae0023ab45f7096f9f47d095l-b1542450287od-w480_h360_x2.webp?w=1080&q=75, http://ap.rdcpix.com/560ee0fcae0023ab45f7096f9f47d095l-b1136827940od-w480_h360_x2.webp?w=1080&q=75, http://ap.rdcpix.com/560ee0fcae0023ab45f7096f9f47d095l-b4193953442od-w480_h360_x2.webp?w=1080&q=75, http://ap.rdcpix.com/560ee0fcae0023ab45f7096f9f47d095l-b2116728837od-w480_h360_x2.webp?w=1080&q=75, http://ap.rdcpix.com/560ee0fcae0023ab45f7096f9f47d095l-b4146210653od-w480_h360_x2.webp?w=1080&q=75, http://ap.rdcpix.com/560ee0fcae0023ab45f7096f9f47d095l-b3144898305od-w480_h360_x2.webp?w=1080&q=75, http://ap.rdcpix.com/560ee0fcae0023ab45f7096f9f47d095l-b473828665od-w480_h360_x2.webp?w=1080&q=75, http://ap.rdcpix.com/560ee0fcae0023ab45f7096f9f47d095l-b1140440038od-w480_h360_x2.webp?w=1080&q=75, http://ap.rdcpix.com/560ee0fcae0023ab45f7096f9f47d095l-b2314994255od-w480_h360_x2.webp?w=1080&q=75, http://ap.rdcpix.com/560ee0fcae0023ab45f7096f9f47d095l-b122425259od-w480_h360_x2.webp?w=1080&q=75, http://ap.rdcpix.com/560ee0fcae0023ab45f7096f9f47d095l-b2345025640od-w480_h360_x2.webp?w=1080&q=75, http://ap.rdcpix.com/560ee0fcae0023ab45f7096f9f47d095l-b3706167999od-w480_h360_x2.webp?w=1080&q=75, http://ap.rdcpix.com/560ee0fcae0023ab45f7096f9f47d095l-b3416647470od-w480_h360_x2.webp?w=1080&q=75, http://ap.rdcpix.com/560ee0fcae0023ab45f7096f9f47d095l-b2146961031od-w480_h360_x2.webp?w=1080&q=75, http://ap.rdcpix.com/560ee0fcae0023ab45f7096f9f47d095l-b3436619060od-w480_h360_x2.webp?w=1080&q=75, http://ap.rdcpix.com/560ee0fcae0023ab45f7096f9f47d095l-b2169374353od-w480_h360_x2.webp?w=1080&q=75, http://ap.rdcpix.com/560ee0fcae0023ab45f7096f9f47d095l-b1088816621od-w480_h360_x2.webp?w=1080&q=75, http://ap.rdcpix.com/560ee0fcae0023ab45f7096f9f47d095l-b929480676od-w480_h360_x2.webp?w=1080&q=75, http://ap.rdcpix.com/560ee0fcae0023ab45f7096f9f47d095l-b2386725496od-w480_h360_x2.webp?w=1080&q=75, http://ap.rdcpix.com/560ee0fcae0023ab45f7096f9f47d095l-b2134470287od-w480_h360_x2.webp?w=1080&q=75, http://ap.rdcpix.com/560ee0fcae0023ab45f7096f9f47d095l-b2767465902od-w480_h360_x2.webp?w=1080&q=75"
https://www.realtor.com/realestateandhomes-detail/2535202084,SEWA,2249249,SOLD,"ONE LEVEL, 2 car garage, great corner lot with a low maintenance yard! This home offers 3 bedrooms, 2 full bathrooms with an open living concept; great for entertaining. The primary bedroom has an attached full bathroom and a small walk-in closet. The 2nd full bathroom is conveniently located in the hall next to the other bedrooms. Sharp looking kitchen with dark wood cabinets and stainless appliances plus a new dishwasher. All appliances stay including the washer and dryer. Oversized 2 car garage for extra storage and a door to the side yard. Gravel strip next to the driveway for extra parking or a small boat/RV. Deck off the back slider for the BBQ or relaxing. Easy commute to HWY 20, close to all amenities: schools, shopping and medical.",SINGLE_FAMILY,509 E Jones Rd,,Sedro Woolley,WA,98284,3,2,,1178,2013,35,470000,2024-06-14,470000,2024-07-19,6238,399,48.514395,-122.248715,Sedro - Woolley,Skagit,53057,1,0,2,,,,Sedro-Woolley School District,http://ap.rdcpix.com/fdd56b874e4cc09a3635c37c0011fcc0l-m2801938844od-w480_h360_x2.webp?w=1080&q=75,"http://ap.rdcpix.com/fdd56b874e4cc09a3635c37c0011fcc0l-m2801938844od-w480_h360_x2.webp?w=1080&q=75, http://ap.rdcpix.com/fdd56b874e4cc09a3635c37c0011fcc0l-m1052292991od-w480_h360_x2.webp?w=1080&q=75, http://ap.rdcpix.com/fdd56b874e4cc09a3635c37c0011fcc0l-m2940590366od-w480_h360_x2.webp?w=1080&q=75, http://ap.rdcpix.com/fdd56b874e4cc09a3635c37c0011fcc0l-m3867120620od-w480_h360_x2.webp?w=1080&q=75, http://ap.rdcpix.com/fdd56b874e4cc09a3635c37c0011fcc0l-m1565992126od-w480_h360_x2.webp?w=1080&q=75, http://ap.rdcpix.com/fdd56b874e4cc09a3635c37c0011fcc0l-m3868044187od-w480_h360_x2.webp?w=1080&q=75, http://ap.rdcpix.com/fdd56b874e4cc09a3635c37c0011fcc0l-m3434858294od-w480_h360_x2.webp?w=1080&q=75, http://ap.rdcpix.com/fdd56b874e4cc09a3635c37c0011fcc0l-m1692085344od-w480_h360_x2.webp?w=1080&q=75, http://ap.rdcpix.com/fdd56b874e4cc09a3635c37c0011fcc0l-m2220800160od-w480_h360_x2.webp?w=1080&q=75, http://ap.rdcpix.com/fdd56b874e4cc09a3635c37c0011fcc0l-m4082918839od-w480_h360_x2.webp?w=1080&q=75, http://ap.rdcpix.com/fdd56b874e4cc09a3635c37c0011fcc0l-m1008473532od-w480_h360_x2.webp?w=1080&q=75, http://ap.rdcpix.com/fdd56b874e4cc09a3635c37c0011fcc0l-m582039204od-w480_h360_x2.webp?w=1080&q=75, http://ap.rdcpix.com/fdd56b874e4cc09a3635c37c0011fcc0l-m2727153178od-w480_h360_x2.webp?w=1080&q=75, http://ap.rdcpix.com/fdd56b874e4cc09a3635c37c0011fcc0l-m3968440600od-w480_h360_x2.webp?w=1080&q=75, http://ap.rdcpix.com/fdd56b874e4cc09a3635c37c0011fcc0l-m752226233od-w480_h360_x2.webp?w=1080&q=75, http://ap.rdcpix.com/fdd56b874e4cc09a3635c37c0011fcc0l-m899327852od-w480_h360_x2.webp?w=1080&q=75, http://ap.rdcpix.com/fdd56b874e4cc09a3635c37c0011fcc0l-m663359632od-w480_h360_x2.webp?w=1080&q=75, http://ap.rdcpix.com/fdd56b874e4cc09a3635c37c0011fcc0l-m3632062342od-w480_h360_x2.webp?w=1080&q=75, http://ap.rdcpix.com/fdd56b874e4cc09a3635c37c0011fcc0l-m1516455186od-w480_h360_x2.webp?w=1080&q=75, http://ap.rdcpix.com/fdd56b874e4cc09a3635c37c0011fcc0l-m2454822733od-w480_h360_x2.webp?w=1080&q=75, http://ap.rdcpix.com/fdd56b874e4cc09a3635c37c0011fcc0l-m1063309977od-w480_h360_x2.webp?w=1080&q=75, http://ap.rdcpix.com/fdd56b874e4cc09a3635c37c0011fcc0l-m1029750619od-w480_h360_x2.webp?w=1080&q=75, http://ap.rdcpix.com/fdd56b874e4cc09a3635c37c0011fcc0l-m3931638304od-w480_h360_x2.webp?w=1080&q=75, http://ap.rdcpix.com/fdd56b874e4cc09a3635c37c0011fcc0l-m846338050od-w480_h360_x2.webp?w=1080&q=75"
https://www.realtor.com/realestateandhomes-detail/9257867254,SEWA,2205998,SOLD,"Custom waterfront home at the Marina offers stunning SW sunsets. Enjoy personal ownership of a shared 40 private dock with separate power and water supply. Irrigation system for easy garden maintenance. Entertainment sized Ironwood deck with glass paneled screens. Custom exterior roll shades for summertime light & heat control. Pella tinted windows & skylights. New heat pump 2023 with full HEPA filtration & AC. Convenient climate-controlled freestanding gas stove. Porcelain tiled flooring heated in baths and kitchen. Thermador gas range, dishwasher and French door refrigerator. Quartz countertops, under cabinet lighting, oversized porcelain sink w/InstaHot. Bosch washer/dryer. 1 1/2 car garage w/storage space. Wired for back up generator.",SINGLE_FAMILY,871  Kalispell Dr,,La Conner,WA,98257,2,2,,1550,1983,134,799000,2024-03-07,765000,2024-07-19,7060,494,48.380057,-122.512262,,Skagit,53057,1,293,1,,,,La Conner School District,http://ap.rdcpix.com/23747d1790b8ab393198e1d51f4fc337l-m3007095815od-w480_h360_x2.webp?w=1080&q=75,"http://ap.rdcpix.com/23747d1790b8ab393198e1d51f4fc337l-m3007095815od-w480_h360_x2.webp?w=1080&q=75, http://ap.rdcpix.com/23747d1790b8ab393198e1d51f4fc337l-m2702830312od-w480_h360_x2.webp?w=1080&q=75, http://ap.rdcpix.com/23747d1790b8ab393198e1d51f4fc337l-m2348297664od-w480_h360_x2.webp?w=1080&q=75, http://ap.rdcpix.com/23747d1790b8ab393198e1d51f4fc337l-m3837834500od-w480_h360_x2.webp?w=1080&q=75, http://ap.rdcpix.com/23747d1790b8ab393198e1d51f4fc337l-m1687527570od-w480_h360_x2.webp?w=1080&q=75, http://ap.rdcpix.com/23747d1790b8ab393198e1d51f4fc337l-m2489509744od-w480_h360_x2.webp?w=1080&q=75, http://ap.rdcpix.com/23747d1790b8ab393198e1d51f4fc337l-m4253158838od-w480_h360_x2.webp?w=1080&q=75, http://ap.rdcpix.com/23747d1790b8ab393198e1d51f4fc337l-m477936215od-w480_h360_x2.webp?w=1080&q=75, http://ap.rdcpix.com/23747d1790b8ab393198e1d51f4fc337l-m3067954247od-w480_h360_x2.webp?w=1080&q=75, http://ap.rdcpix.com/23747d1790b8ab393198e1d51f4fc337l-m691753136od-w480_h360_x2.webp?w=1080&q=75, http://ap.rdcpix.com/23747d1790b8ab393198e1d51f4fc337l-m1728670249od-w480_h360_x2.webp?w=1080&q=75, http://ap.rdcpix.com/23747d1790b8ab393198e1d51f4fc337l-m1666152052od-w480_h360_x2.webp?w=1080&q=75, http://ap.rdcpix.com/23747d1790b8ab393198e1d51f4fc337l-m1381174176od-w480_h360_x2.webp?w=1080&q=75, http://ap.rdcpix.com/23747d1790b8ab393198e1d51f4fc337l-m403021127od-w480_h360_x2.webp?w=1080&q=75, http://ap.rdcpix.com/23747d1790b8ab393198e1d51f4fc337l-m1672988918od-w480_h360_x2.webp?w=1080&q=75, http://ap.rdcpix.com/23747d1790b8ab393198e1d51f4fc337l-m4260191651od-w480_h360_x2.webp?w=1080&q=75, http://ap.rdcpix.com/23747d1790b8ab393198e1d51f4fc337l-m2434175777od-w480_h360_x2.webp?w=1080&q=75, http://ap.rdcpix.com/23747d1790b8ab393198e1d51f4fc337l-m1409600194od-w480_h360_x2.webp?w=1080&q=75, http://ap.rdcpix.com/23747d1790b8ab393198e1d51f4fc337l-m1620129482od-w480_h360_x2.webp?w=1080&q=75, http://ap.rdcpix.com/23747d1790b8ab393198e1d51f4fc337l-m1792079581od-w480_h360_x2.webp?w=1080&q=75, http://ap.rdcpix.com/23747d1790b8ab393198e1d51f4fc337l-m4234027724od-w480_h360_x2.webp?w=1080&q=75, http://ap.rdcpix.com/23747d1790b8ab393198e1d51f4fc337l-m4230310385od-w480_h360_x2.webp?w=1080&q=75, http://ap.rdcpix.com/23747d1790b8ab393198e1d51f4fc337l-m3660288475od-w480_h360_x2.webp?w=1080&q=75, http://ap.rdcpix.com/23747d1790b8ab393198e1d51f4fc337l-m1422717800od-w480_h360_x2.webp?w=1080&q=75, http://ap.rdcpix.com/23747d1790b8ab393198e1d51f4fc337l-m1898554560od-w480_h360_x2.webp?w=1080&q=75, http://ap.rdcpix.com/23747d1790b8ab393198e1d51f4fc337l-m779747617od-w480_h360_x2.webp?w=1080&q=75, http://ap.rdcpix.com/23747d1790b8ab393198e1d51f4fc337l-m848116992od-w480_h360_x2.webp?w=1080&q=75, http://ap.rdcpix.com/23747d1790b8ab393198e1d51f4fc337l-m3837834500od-w480_h360_x2.webp?w=1080&q=75, http://ap.rdcpix.com/23747d1790b8ab393198e1d51f4fc337l-m3769806240od-w480_h360_x2.webp?w=1080&q=75, http://ap.rdcpix.com/23747d1790b8ab393198e1d51f4fc337l-m3487323376od-w480_h360_x2.webp?w=1080&q=75, http://ap.rdcpix.com/23747d1790b8ab393198e1d51f4fc337l-m3005332529od-w480_h360_x2.webp?w=1080&q=75, http://ap.rdcpix.com/23747d1790b8ab393198e1d51f4fc337l-m174004422od-w480_h360_x2.webp?w=1080&q=75, http://ap.rdcpix.com/23747d1790b8ab393198e1d51f4fc337l-m879146431od-w480_h360_x2.webp?w=1080&q=75, http://ap.rdcpix.com/23747d1790b8ab393198e1d51f4fc337l-m2105580384od-w480_h360_x2.webp?w=1080&q=75, http://ap.rdcpix.com/23747d1790b8ab393198e1d51f4fc337l-m2714981312od-w480_h360_x2.webp?w=1080&q=75"
https://www.realtor.com/realestateandhomes-detail/2738867890,SEWA,2239656,SOLD,"Escape to this cute rambler in a charming neighborhood with mountain views! Conveniently located near parks, schools, and the bus line, this home offers both serenity and accessibility. With a long private driveway leading to the property, you'll enjoy privacy and tranquility. The lush fruit trees and berry bushes add to the charm of the spacious backyard, offering a delightful harvest right at your fingertips. Inside, you'll find cozy, comfortable spaces perfect for everyday living; Outside, a large deck to survey your garden and orchard. Recent upgrades including a new water heater, roof, and solar panels ensure comfort and efficiency for years to come.",SINGLE_FAMILY,1804 N 35th St,,Mount Vernon,WA,98273,4,2,,1382,1991,66,499000,2024-05-18,495000,2024-07-23,15246,358,48.436529,-122.294872,Centennial Ridge,Skagit,53057,1,0,2,,,,Mount Vernon School District,http://ap.rdcpix.com/95f1b8d5b454f073991f7d1b69dfc70cl-m4132194269od-w480_h360_x2.webp?w=1080&q=75,"http://ap.rdcpix.com/95f1b8d5b454f073991f7d1b69dfc70cl-m4132194269od-w480_h360_x2.webp?w=1080&q=75, http://ap.rdcpix.com/95f1b8d5b454f073991f7d1b69dfc70cl-m4241169466od-w480_h360_x2.webp?w=1080&q=75, http://ap.rdcpix.com/95f1b8d5b454f073991f7d1b69dfc70cl-m235217157od-w480_h360_x2.webp?w=1080&q=75, http://ap.rdcpix.com/95f1b8d5b454f073991f7d1b69dfc70cl-m900630195od-w480_h360_x2.webp?w=1080&q=75, http://ap.rdcpix.com/95f1b8d5b454f073991f7d1b69dfc70cl-m3654224786od-w480_h360_x2.webp?w=1080&q=75, http://ap.rdcpix.com/95f1b8d5b454f073991f7d1b69dfc70cl-m1473671509od-w480_h360_x2.webp?w=1080&q=75, http://ap.rdcpix.com/95f1b8d5b454f073991f7d1b69dfc70cl-m1932243047od-w480_h360_x2.webp?w=1080&q=75, http://ap.rdcpix.com/95f1b8d5b454f073991f7d1b69dfc70cl-m1754599224od-w480_h360_x2.webp?w=1080&q=75, http://ap.rdcpix.com/95f1b8d5b454f073991f7d1b69dfc70cl-m964532353od-w480_h360_x2.webp?w=1080&q=75, http://ap.rdcpix.com/95f1b8d5b454f073991f7d1b69dfc70cl-m2190011487od-w480_h360_x2.webp?w=1080&q=75, http://ap.rdcpix.com/95f1b8d5b454f073991f7d1b69dfc70cl-m2155301948od-w480_h360_x2.webp?w=1080&q=75, http://ap.rdcpix.com/95f1b8d5b454f073991f7d1b69dfc70cl-m3514804049od-w480_h360_x2.webp?w=1080&q=75, http://ap.rdcpix.com/95f1b8d5b454f073991f7d1b69dfc70cl-m1893085772od-w480_h360_x2.webp?w=1080&q=75, http://ap.rdcpix.com/95f1b8d5b454f073991f7d1b69dfc70cl-m1233496687od-w480_h360_x2.webp?w=1080&q=75, http://ap.rdcpix.com/95f1b8d5b454f073991f7d1b69dfc70cl-m3397535940od-w480_h360_x2.webp?w=1080&q=75, http://ap.rdcpix.com/95f1b8d5b454f073991f7d1b69dfc70cl-m770193330od-w480_h360_x2.webp?w=1080&q=75, http://ap.rdcpix.com/95f1b8d5b454f073991f7d1b69dfc70cl-m3546874705od-w480_h360_x2.webp?w=1080&q=75"
https://www.realtor.com/realestateandhomes-detail/2291179345,SEWA,2232964,SOLD,"Whether it's your first home or a comfortable place to garden and relax, there is room to live and room to grow here on this corner-lot in one of Anacortes' well-established, highly desirable neighborhoods. Built in 1945, the Tudoresque interior is reflected in beautiful wood trim, doorways, and original fir flooring throughout much of the home. The clean basement level is great for workshop, storage and possible living space. Enjoy fenced backyard gardens and pathways and the upper deck overlooking the Anacortes Marina, Cap Sante and Fidalgo Bay. Walk down the street to The Store Grocery for delicious lunches and great bakery items! Only a minute to Highway 20, with hiking trails all around and shopping, schools, and services all close by.",SINGLE_FAMILY,3930  Q Ave,,Anacortes,WA,98221,3,1,1,2257,1945,74,650000,2024-05-09,626000,2024-07-22,6098,277,48.489195,-122.612024,Hillcrest,Skagit,53057,2,0,1,,,,Anacortes School District,http://ap.rdcpix.com/a47c6a502977a02f2c10d157977aee15l-b3554637689od-w480_h360_x2.webp?w=1080&q=75,"http://ap.rdcpix.com/a47c6a502977a02f2c10d157977aee15l-b3554637689od-w480_h360_x2.webp?w=1080&q=75, http://ap.rdcpix.com/a47c6a502977a02f2c10d157977aee15l-b3173381035od-w480_h360_x2.webp?w=1080&q=75, http://ap.rdcpix.com/a47c6a502977a02f2c10d157977aee15l-b2133429660od-w480_h360_x2.webp?w=1080&q=75, http://ap.rdcpix.com/a47c6a502977a02f2c10d157977aee15l-b2594428849od-w480_h360_x2.webp?w=1080&q=75, http://ap.rdcpix.com/a47c6a502977a02f2c10d157977aee15l-b2516351377od-w480_h360_x2.webp?w=1080&q=75, http://ap.rdcpix.com/a47c6a502977a02f2c10d157977aee15l-b2654966427od-w480_h360_x2.webp?w=1080&q=75, http://ap.rdcpix.com/a47c6a502977a02f2c10d157977aee15l-b3090954944od-w480_h360_x2.webp?w=1080&q=75, http://ap.rdcpix.com/a47c6a502977a02f2c10d157977aee15l-b3080073709od-w480_h360_x2.webp?w=1080&q=75, http://ap.rdcpix.com/a47c6a502977a02f2c10d157977aee15l-b1776730345od-w480_h360_x2.webp?w=1080&q=75, http://ap.rdcpix.com/a47c6a502977a02f2c10d157977aee15l-b4049356546od-w480_h360_x2.webp?w=1080&q=75, http://ap.rdcpix.com/a47c6a502977a02f2c10d157977aee15l-b419748662od-w480_h360_x2.webp?w=1080&q=75, http://ap.rdcpix.com/a47c6a502977a02f2c10d157977aee15l-b2282885457od-w480_h360_x2.webp?w=1080&q=75, http://ap.rdcpix.com/a47c6a502977a02f2c10d157977aee15l-b2558121424od-w480_h360_x2.webp?w=1080&q=75, http://ap.rdcpix.com/a47c6a502977a02f2c10d157977aee15l-b2549888293od-w480_h360_x2.webp?w=1080&q=75, http://ap.rdcpix.com/a47c6a502977a02f2c10d157977aee15l-b750032363od-w480_h360_x2.webp?w=1080&q=75, http://ap.rdcpix.com/a47c6a502977a02f2c10d157977aee15l-b1806232659od-w480_h360_x2.webp?w=1080&q=75, http://ap.rdcpix.com/a47c6a502977a02f2c10d157977aee15l-b2323614556od-w480_h360_x2.webp?w=1080&q=75, http://ap.rdcpix.com/a47c6a502977a02f2c10d157977aee15l-b3603071041od-w480_h360_x2.webp?w=1080&q=75, http://ap.rdcpix.com/a47c6a502977a02f2c10d157977aee15l-b3825668576od-w480_h360_x2.webp?w=1080&q=75, http://ap.rdcpix.com/a47c6a502977a02f2c10d157977aee15l-b4236782086od-w480_h360_x2.webp?w=1080&q=75, http://ap.rdcpix.com/a47c6a502977a02f2c10d157977aee15l-b2552795630od-w480_h360_x2.webp?w=1080&q=75, http://ap.rdcpix.com/a47c6a502977a02f2c10d157977aee15l-b1195949177od-w480_h360_x2.webp?w=1080&q=75, http://ap.rdcpix.com/a47c6a502977a02f2c10d157977aee15l-b1882497912od-w480_h360_x2.webp?w=1080&q=75, http://ap.rdcpix.com/a47c6a502977a02f2c10d157977aee15l-b3256220611od-w480_h360_x2.webp?w=1080&q=75, http://ap.rdcpix.com/a47c6a502977a02f2c10d157977aee15l-b88915137od-w480_h360_x2.webp?w=1080&q=75, http://ap.rdcpix.com/a47c6a502977a02f2c10d157977aee15l-b917872021od-w480_h360_x2.webp?w=1080&q=75, http://ap.rdcpix.com/a47c6a502977a02f2c10d157977aee15l-b744621664od-w480_h360_x2.webp?w=1080&q=75, http://ap.rdcpix.com/a47c6a502977a02f2c10d157977aee15l-b3584094766od-w480_h360_x2.webp?w=1080&q=75, http://ap.rdcpix.com/a47c6a502977a02f2c10d157977aee15l-b3756665058od-w480_h360_x2.webp?w=1080&q=75, http://ap.rdcpix.com/a47c6a502977a02f2c10d157977aee15l-b4175594724od-w480_h360_x2.webp?w=1080&q=75, http://ap.rdcpix.com/a47c6a502977a02f2c10d157977aee15l-b1614712898od-w480_h360_x2.webp?w=1080&q=75, http://ap.rdcpix.com/a47c6a502977a02f2c10d157977aee15l-b4101437004od-w480_h360_x2.webp?w=1080&q=75, http://ap.rdcpix.com/a47c6a502977a02f2c10d157977aee15l-b575938948od-w480_h360_x2.webp?w=1080&q=75, http://ap.rdcpix.com/a47c6a502977a02f2c10d157977aee15l-b961667997od-w480_h360_x2.webp?w=1080&q=75, http://ap.rdcpix.com/a47c6a502977a02f2c10d157977aee15l-b3538215652od-w480_h360_x2.webp?w=1080&q=75, http://ap.rdcpix.com/a47c6a502977a02f2c10d157977aee15l-b3405558869od-w480_h360_x2.webp?w=1080&q=75, http://ap.rdcpix.com/a47c6a502977a02f2c10d157977aee15l-b3502556927od-w480_h360_x2.webp?w=1080&q=75, http://ap.rdcpix.com/a47c6a502977a02f2c10d157977aee15l-b1362986024od-w480_h360_x2.webp?w=1080&q=75, http://ap.rdcpix.com/a47c6a502977a02f2c10d157977aee15l-b501270102od-w480_h360_x2.webp?w=1080&q=75, http://ap.rdcpix.com/a47c6a502977a02f2c10d157977aee15l-b1162718410od-w480_h360_x2.webp?w=1080&q=75"
https://www.realtor.com/realestateandhomes-detail/2431481154,SEWA,2254733,SOLD,"Welcome to this charming single-story home, boasting vaulted ceilings and an open floor plan with no HOA! The spacious kitchen features ample counter space, an eating bar, and abundant cabinet storage. The open-concept living area, with its vaulted ceilings, provides direct access to a private, fenced backyard. Fresh exterior paint enhances the home's curb appeal. Down the hall, you'll find two bedrooms and a full hall bath, along with a large primary bedroom that includes an en-suite full bath and a walk-in closet. The laundry room leads to a finished garage, perfect for multiple uses. Conveniently close to town, this home is a must-see!",SINGLE_FAMILY,1000 N Fruitdale Rd,,Sedro Woolley,WA,98284,3,2,,1368,2012,28,519900,2024-06-21,514500,2024-07-19,6970,376,48.520409,-122.210918,Sedro - Woolley,Skagit,53057,1,0,2,,,,Sedro-Woolley School District,http://ap.rdcpix.com/6ba0bcc61496f95db3566ac28e1a3e4dl-b2812719620od-w480_h360_x2.webp?w=1080&q=75,"http://ap.rdcpix.com/6ba0bcc61496f95db3566ac28e1a3e4dl-b2812719620od-w480_h360_x2.webp?w=1080&q=75, http://ap.rdcpix.com/6ba0bcc61496f95db3566ac28e1a3e4dl-b974345039od-w480_h360_x2.webp?w=1080&q=75, http://ap.rdcpix.com/6ba0bcc61496f95db3566ac28e1a3e4dl-b1538587925od-w480_h360_x2.webp?w=1080&q=75, http://ap.rdcpix.com/6ba0bcc61496f95db3566ac28e1a3e4dl-b1317137194od-w480_h360_x2.webp?w=1080&q=75, http://ap.rdcpix.com/6ba0bcc61496f95db3566ac28e1a3e4dl-b3388207420od-w480_h360_x2.webp?w=1080&q=75, http://ap.rdcpix.com/6ba0bcc61496f95db3566ac28e1a3e4dl-b1952847635od-w480_h360_x2.webp?w=1080&q=75, http://ap.rdcpix.com/6ba0bcc61496f95db3566ac28e1a3e4dl-b4177595038od-w480_h360_x2.webp?w=1080&q=75, http://ap.rdcpix.com/6ba0bcc61496f95db3566ac28e1a3e4dl-b2387548378od-w480_h360_x2.webp?w=1080&q=75, http://ap.rdcpix.com/6ba0bcc61496f95db3566ac28e1a3e4dl-b1681369339od-w480_h360_x2.webp?w=1080&q=75, http://ap.rdcpix.com/6ba0bcc61496f95db3566ac28e1a3e4dl-b140730539od-w480_h360_x2.webp?w=1080&q=75, http://ap.rdcpix.com/6ba0bcc61496f95db3566ac28e1a3e4dl-b1214887286od-w480_h360_x2.webp?w=1080&q=75, http://ap.rdcpix.com/6ba0bcc61496f95db3566ac28e1a3e4dl-b1787781790od-w480_h360_x2.webp?w=1080&q=75, http://ap.rdcpix.com/6ba0bcc61496f95db3566ac28e1a3e4dl-b547399717od-w480_h360_x2.webp?w=1080&q=75, http://ap.rdcpix.com/6ba0bcc61496f95db3566ac28e1a3e4dl-b2573789377od-w480_h360_x2.webp?w=1080&q=75, http://ap.rdcpix.com/6ba0bcc61496f95db3566ac28e1a3e4dl-b1605870718od-w480_h360_x2.webp?w=1080&q=75, http://ap.rdcpix.com/6ba0bcc61496f95db3566ac28e1a3e4dl-b2362858911od-w480_h360_x2.webp?w=1080&q=75, http://ap.rdcpix.com/6ba0bcc61496f95db3566ac28e1a3e4dl-b4120293542od-w480_h360_x2.webp?w=1080&q=75, http://ap.rdcpix.com/6ba0bcc61496f95db3566ac28e1a3e4dl-b1982084019od-w480_h360_x2.webp?w=1080&q=75, http://ap.rdcpix.com/6ba0bcc61496f95db3566ac28e1a3e4dl-b1075555958od-w480_h360_x2.webp?w=1080&q=75, http://ap.rdcpix.com/6ba0bcc61496f95db3566ac28e1a3e4dl-b3814256072od-w480_h360_x2.webp?w=1080&q=75, http://ap.rdcpix.com/6ba0bcc61496f95db3566ac28e1a3e4dl-b2929253654od-w480_h360_x2.webp?w=1080&q=75, http://ap.rdcpix.com/6ba0bcc61496f95db3566ac28e1a3e4dl-b2038816599od-w480_h360_x2.webp?w=1080&q=75, http://ap.rdcpix.com/6ba0bcc61496f95db3566ac28e1a3e4dl-b3035539756od-w480_h360_x2.webp?w=1080&q=75, http://ap.rdcpix.com/6ba0bcc61496f95db3566ac28e1a3e4dl-b595607252od-w480_h360_x2.webp?w=1080&q=75, http://ap.rdcpix.com/6ba0bcc61496f95db3566ac28e1a3e4dl-b3050628942od-w480_h360_x2.webp?w=1080&q=75, http://ap.rdcpix.com/6ba0bcc61496f95db3566ac28e1a3e4dl-b3889256997od-w480_h360_x2.webp?w=1080&q=75, http://ap.rdcpix.com/6ba0bcc61496f95db3566ac28e1a3e4dl-b629944220od-w480_h360_x2.webp?w=1080&q=75, http://ap.rdcpix.com/6ba0bcc61496f95db3566ac28e1a3e4dl-b480373204od-w480_h360_x2.webp?w=1080&q=75, http://ap.rdcpix.com/6ba0bcc61496f95db3566ac28e1a3e4dl-b3816017699od-w480_h360_x2.webp?w=1080&q=75, http://ap.rdcpix.com/6ba0bcc61496f95db3566ac28e1a3e4dl-b4082092129od-w480_h360_x2.webp?w=1080&q=75, http://ap.rdcpix.com/6ba0bcc61496f95db3566ac28e1a3e4dl-b1721327720od-w480_h360_x2.webp?w=1080&q=75, http://ap.rdcpix.com/6ba0bcc61496f95db3566ac28e1a3e4dl-b2090417295od-w480_h360_x2.webp?w=1080&q=75, http://ap.rdcpix.com/6ba0bcc61496f95db3566ac28e1a3e4dl-b1284794143od-w480_h360_x2.webp?w=1080&q=75, http://ap.rdcpix.com/6ba0bcc61496f95db3566ac28e1a3e4dl-b644055153od-w480_h360_x2.webp?w=1080&q=75"
https://www.realtor.com/realestateandhomes-detail/2677994936,SEWA,2166814,SOLD,"Situated on over half an acre, this spacious 3140SF home has room for everyone. Enjoy fruit trees (even Kiwi), garden and wonderful views from the deck or patio (Baker most days and Rainier on miracle ones). With 5 bedrooms, 4 baths, formal dining room, party room with a bar, walk-in pantry, lots of storage and a shop, what more could you want! Additional appliances are negotiable. HOA dues $50. per year.",SINGLE_FAMILY,12166  Hilynn Dr,,Burlington,WA,98233,5,1,,3140,1974,293,810000,2023-09-30,750000,2024-07-19,22216,239,48.46889,-122.378102,,Skagit,53057,2,4,5,,,,Burlington-Edison School District,http://ap.rdcpix.com/ceba61f8344bece717bf80e072a0836al-b3226593374od-w480_h360_x2.webp?w=1080&q=75,"http://ap.rdcpix.com/ceba61f8344bece717bf80e072a0836al-b3226593374od-w480_h360_x2.webp?w=1080&q=75, http://ap.rdcpix.com/ceba61f8344bece717bf80e072a0836al-b3610585940od-w480_h360_x2.webp?w=1080&q=75, http://ap.rdcpix.com/ceba61f8344bece717bf80e072a0836al-b3554641452od-w480_h360_x2.webp?w=1080&q=75, http://ap.rdcpix.com/ceba61f8344bece717bf80e072a0836al-b3789914728od-w480_h360_x2.webp?w=1080&q=75, http://ap.rdcpix.com/ceba61f8344bece717bf80e072a0836al-b2825228668od-w480_h360_x2.webp?w=1080&q=75, http://ap.rdcpix.com/ceba61f8344bece717bf80e072a0836al-b2959160312od-w480_h360_x2.webp?w=1080&q=75, http://ap.rdcpix.com/ceba61f8344bece717bf80e072a0836al-b4280053667od-w480_h360_x2.webp?w=1080&q=75, http://ap.rdcpix.com/ceba61f8344bece717bf80e072a0836al-b2432000875od-w480_h360_x2.webp?w=1080&q=75, http://ap.rdcpix.com/ceba61f8344bece717bf80e072a0836al-b2872728936od-w480_h360_x2.webp?w=1080&q=75, http://ap.rdcpix.com/ceba61f8344bece717bf80e072a0836al-b907261560od-w480_h360_x2.webp?w=1080&q=75, http://ap.rdcpix.com/ceba61f8344bece717bf80e072a0836al-b1515894124od-w480_h360_x2.webp?w=1080&q=75, http://ap.rdcpix.com/ceba61f8344bece717bf80e072a0836al-b2908949943od-w480_h360_x2.webp?w=1080&q=75, http://ap.rdcpix.com/ceba61f8344bece717bf80e072a0836al-b1030845462od-w480_h360_x2.webp?w=1080&q=75, http://ap.rdcpix.com/ceba61f8344bece717bf80e072a0836al-b4034414009od-w480_h360_x2.webp?w=1080&q=75, http://ap.rdcpix.com/ceba61f8344bece717bf80e072a0836al-b4120246243od-w480_h360_x2.webp?w=1080&q=75, http://ap.rdcpix.com/ceba61f8344bece717bf80e072a0836al-b461760804od-w480_h360_x2.webp?w=1080&q=75, http://ap.rdcpix.com/ceba61f8344bece717bf80e072a0836al-b1997559330od-w480_h360_x2.webp?w=1080&q=75, http://ap.rdcpix.com/ceba61f8344bece717bf80e072a0836al-b2096436908od-w480_h360_x2.webp?w=1080&q=75, http://ap.rdcpix.com/ceba61f8344bece717bf80e072a0836al-b82512448od-w480_h360_x2.webp?w=1080&q=75, http://ap.rdcpix.com/ceba61f8344bece717bf80e072a0836al-b2735551888od-w480_h360_x2.webp?w=1080&q=75, http://ap.rdcpix.com/ceba61f8344bece717bf80e072a0836al-b3145104724od-w480_h360_x2.webp?w=1080&q=75, http://ap.rdcpix.com/ceba61f8344bece717bf80e072a0836al-b2318194639od-w480_h360_x2.webp?w=1080&q=75, http://ap.rdcpix.com/ceba61f8344bece717bf80e072a0836al-b2418858365od-w480_h360_x2.webp?w=1080&q=75, http://ap.rdcpix.com/ceba61f8344bece717bf80e072a0836al-b4057062359od-w480_h360_x2.webp?w=1080&q=75, http://ap.rdcpix.com/ceba61f8344bece717bf80e072a0836al-b2639433105od-w480_h360_x2.webp?w=1080&q=75, http://ap.rdcpix.com/ceba61f8344bece717bf80e072a0836al-b1444413769od-w480_h360_x2.webp?w=1080&q=75, http://ap.rdcpix.com/ceba61f8344bece717bf80e072a0836al-b2890178411od-w480_h360_x2.webp?w=1080&q=75, http://ap.rdcpix.com/ceba61f8344bece717bf80e072a0836al-b2706224134od-w480_h360_x2.webp?w=1080&q=75, http://ap.rdcpix.com/ceba61f8344bece717bf80e072a0836al-b1373279335od-w480_h360_x2.webp?w=1080&q=75, http://ap.rdcpix.com/ceba61f8344bece717bf80e072a0836al-b592382532od-w480_h360_x2.webp?w=1080&q=75, http://ap.rdcpix.com/ceba61f8344bece717bf80e072a0836al-b3092937400od-w480_h360_x2.webp?w=1080&q=75, http://ap.rdcpix.com/ceba61f8344bece717bf80e072a0836al-b2878472064od-w480_h360_x2.webp?w=1080&q=75, http://ap.rdcpix.com/ceba61f8344bece717bf80e072a0836al-b1064027734od-w480_h360_x2.webp?w=1080&q=75, http://ap.rdcpix.com/ceba61f8344bece717bf80e072a0836al-b57635201od-w480_h360_x2.webp?w=1080&q=75, http://ap.rdcpix.com/ceba61f8344bece717bf80e072a0836al-b3628591944od-w480_h360_x2.webp?w=1080&q=75, http://ap.rdcpix.com/ceba61f8344bece717bf80e072a0836al-b391080037od-w480_h360_x2.webp?w=1080&q=75, http://ap.rdcpix.com/ceba61f8344bece717bf80e072a0836al-b2783963906od-w480_h360_x2.webp?w=1080&q=75, http://ap.rdcpix.com/ceba61f8344bece717bf80e072a0836al-b1206701763od-w480_h360_x2.webp?w=1080&q=75, http://ap.rdcpix.com/ceba61f8344bece717bf80e072a0836al-b172911681od-w480_h360_x2.webp?w=1080&q=75, http://ap.rdcpix.com/ceba61f8344bece717bf80e072a0836al-b2317975186od-w480_h360_x2.webp?w=1080&q=75"
https://www.realtor.com/realestateandhomes-detail/1395714790,SEWA,2199700,SOLD,"Whether you're looking for a forever home or a strategic investment opportunity, 7480, 7510, 7500, 7496 Thistle Lane presents both with partial views. This is a property with multiple rental units currently occupied by tenants. Thistle Lane provides a serene retreat from the hustle and bustle of everyday life with 3.41 acres and breathtaking views of the surrounding landscape as well as a 25 ft. by 40 ft. shop. This property offers a unique opportunity to immerse yourself in the natural beauty of the Pacific Northwest.",MULTI_FAMILY,7480  Thistle Ln,,Anacortes,WA,98221,,,,3700,1940,156,949000,2024-02-14,880000,2024-07-19,148535,238,48.440146,-122.582466,,Skagit,53057,,0,,,,,"Anacortes School District, Northwest Educational Service District 189",http://ap.rdcpix.com/f5c9a17f6c91ff1f9584e3d2be9f985al-m2675237935od-w480_h360_x2.webp?w=1080&q=75,"http://ap.rdcpix.com/f5c9a17f6c91ff1f9584e3d2be9f985al-m2675237935od-w480_h360_x2.webp?w=1080&q=75, http://ap.rdcpix.com/f5c9a17f6c91ff1f9584e3d2be9f985al-m3537875389od-w480_h360_x2.webp?w=1080&q=75, http://ap.rdcpix.com/f5c9a17f6c91ff1f9584e3d2be9f985al-m687913185od-w480_h360_x2.webp?w=1080&q=75, http://ap.rdcpix.com/f5c9a17f6c91ff1f9584e3d2be9f985al-m1839013547od-w480_h360_x2.webp?w=1080&q=75, http://ap.rdcpix.com/f5c9a17f6c91ff1f9584e3d2be9f985al-m3381600666od-w480_h360_x2.webp?w=1080&q=75, http://ap.rdcpix.com/f5c9a17f6c91ff1f9584e3d2be9f985al-m3285711686od-w480_h360_x2.webp?w=1080&q=75, http://ap.rdcpix.com/f5c9a17f6c91ff1f9584e3d2be9f985al-m3628021505od-w480_h360_x2.webp?w=1080&q=75, http://ap.rdcpix.com/f5c9a17f6c91ff1f9584e3d2be9f985al-m2348432624od-w480_h360_x2.webp?w=1080&q=75, http://ap.rdcpix.com/f5c9a17f6c91ff1f9584e3d2be9f985al-m1634443034od-w480_h360_x2.webp?w=1080&q=75, http://ap.rdcpix.com/f5c9a17f6c91ff1f9584e3d2be9f985al-m3301432372od-w480_h360_x2.webp?w=1080&q=75, http://ap.rdcpix.com/f5c9a17f6c91ff1f9584e3d2be9f985al-m1475677274od-w480_h360_x2.webp?w=1080&q=75, http://ap.rdcpix.com/f5c9a17f6c91ff1f9584e3d2be9f985al-m2343307541od-w480_h360_x2.webp?w=1080&q=75, http://ap.rdcpix.com/f5c9a17f6c91ff1f9584e3d2be9f985al-m846652646od-w480_h360_x2.webp?w=1080&q=75, http://ap.rdcpix.com/f5c9a17f6c91ff1f9584e3d2be9f985al-m3048718563od-w480_h360_x2.webp?w=1080&q=75, http://ap.rdcpix.com/f5c9a17f6c91ff1f9584e3d2be9f985al-m4028304319od-w480_h360_x2.webp?w=1080&q=75, http://ap.rdcpix.com/f5c9a17f6c91ff1f9584e3d2be9f985al-m3453257384od-w480_h360_x2.webp?w=1080&q=75, http://ap.rdcpix.com/f5c9a17f6c91ff1f9584e3d2be9f985al-m703752786od-w480_h360_x2.webp?w=1080&q=75, http://ap.rdcpix.com/f5c9a17f6c91ff1f9584e3d2be9f985al-m3199546808od-w480_h360_x2.webp?w=1080&q=75, http://ap.rdcpix.com/f5c9a17f6c91ff1f9584e3d2be9f985al-m2959916066od-w480_h360_x2.webp?w=1080&q=75, http://ap.rdcpix.com/f5c9a17f6c91ff1f9584e3d2be9f985al-m3597247659od-w480_h360_x2.webp?w=1080&q=75, http://ap.rdcpix.com/f5c9a17f6c91ff1f9584e3d2be9f985al-m3517200518od-w480_h360_x2.webp?w=1080&q=75"
https://www.realtor.com/realestateandhomes-detail/1552135694,SEWA,2245787,SOLD,"Come see this cute and cozy 2 bedroom 1.5 bathroom condo centrally located in Mount Vernon. This condo offers simple and convenient living with HOA that includes W/S/G, basic cable, storage unit and weekly landscape of common area. What a great value! Roof was replaced in 2023 by HOA. Recently updated this condo is move in ready! Condo is conveniently located close to schools, freeway and across the street from Skagit Valley Hospital. Schedule a showing today!",CONDOS,310 S 11th St,Apt 103,Mount Vernon,WA,98274,2,1,1,902,1965,47,299000,2024-06-01,280000,2024-07-18,1755,310,48.419016,-122.327255,Hillcrest - Medical District,Skagit,53057,1,290,,,,,Mount Vernon School District,http://ap.rdcpix.com/433fbd9fd995fbb96b42b8986b7c4ca0l-m339438572od-w480_h360_x2.webp?w=1080&q=75,"http://ap.rdcpix.com/433fbd9fd995fbb96b42b8986b7c4ca0l-m339438572od-w480_h360_x2.webp?w=1080&q=75, http://ap.rdcpix.com/433fbd9fd995fbb96b42b8986b7c4ca0l-m528720167od-w480_h360_x2.webp?w=1080&q=75, http://ap.rdcpix.com/433fbd9fd995fbb96b42b8986b7c4ca0l-m3108077109od-w480_h360_x2.webp?w=1080&q=75, http://ap.rdcpix.com/433fbd9fd995fbb96b42b8986b7c4ca0l-m3430122018od-w480_h360_x2.webp?w=1080&q=75, http://ap.rdcpix.com/433fbd9fd995fbb96b42b8986b7c4ca0l-m935329457od-w480_h360_x2.webp?w=1080&q=75, http://ap.rdcpix.com/433fbd9fd995fbb96b42b8986b7c4ca0l-m988556210od-w480_h360_x2.webp?w=1080&q=75, http://ap.rdcpix.com/433fbd9fd995fbb96b42b8986b7c4ca0l-m3315970256od-w480_h360_x2.webp?w=1080&q=75, http://ap.rdcpix.com/433fbd9fd995fbb96b42b8986b7c4ca0l-m3746653476od-w480_h360_x2.webp?w=1080&q=75, http://ap.rdcpix.com/433fbd9fd995fbb96b42b8986b7c4ca0l-m1399220750od-w480_h360_x2.webp?w=1080&q=75, http://ap.rdcpix.com/433fbd9fd995fbb96b42b8986b7c4ca0l-m3182952359od-w480_h360_x2.webp?w=1080&q=75, http://ap.rdcpix.com/433fbd9fd995fbb96b42b8986b7c4ca0l-m623241016od-w480_h360_x2.webp?w=1080&q=75, http://ap.rdcpix.com/433fbd9fd995fbb96b42b8986b7c4ca0l-m3690649126od-w480_h360_x2.webp?w=1080&q=75, http://ap.rdcpix.com/433fbd9fd995fbb96b42b8986b7c4ca0l-m637149367od-w480_h360_x2.webp?w=1080&q=75, http://ap.rdcpix.com/433fbd9fd995fbb96b42b8986b7c4ca0l-m1970835301od-w480_h360_x2.webp?w=1080&q=75, http://ap.rdcpix.com/433fbd9fd995fbb96b42b8986b7c4ca0l-m3634186282od-w480_h360_x2.webp?w=1080&q=75, http://ap.rdcpix.com/433fbd9fd995fbb96b42b8986b7c4ca0l-m62049342od-w480_h360_x2.webp?w=1080&q=75, http://ap.rdcpix.com/433fbd9fd995fbb96b42b8986b7c4ca0l-m183257531od-w480_h360_x2.webp?w=1080&q=75, http://ap.rdcpix.com/433fbd9fd995fbb96b42b8986b7c4ca0l-m827630104od-w480_h360_x2.webp?w=1080&q=75, http://ap.rdcpix.com/433fbd9fd995fbb96b42b8986b7c4ca0l-m2754992796od-w480_h360_x2.webp?w=1080&q=75, http://ap.rdcpix.com/433fbd9fd995fbb96b42b8986b7c4ca0l-m3446209289od-w480_h360_x2.webp?w=1080&q=75, http://ap.rdcpix.com/433fbd9fd995fbb96b42b8986b7c4ca0l-m2555911472od-w480_h360_x2.webp?w=1080&q=75, http://ap.rdcpix.com/433fbd9fd995fbb96b42b8986b7c4ca0l-m2008708280od-w480_h360_x2.webp?w=1080&q=75"
https://www.realtor.com/realestateandhomes-detail/2276535725,SEWA,2224980,SOLD,"Welcome HOME! Step into the updated interior featuring elegant laminate wood flooring on the main floor. The remodeled kitchen boasts a stylish island, stainless steel appliances, and gorgeous cabinets, all within a spacious open floor plan. Upstairs, you'll find three roomy bedrooms, a full bathroom, and a convenient utility room. Enjoy summer days in the fully fenced backyard. Located in the desirable Skagit Highlands community, this home offers access to natural trails, parks, and mature blossom trees that captivate year-round. Conveniently near restaurants, hospitals, shopping, schools, and with easy access to I-5, it's also close to Skagit Valley College. This property is a great first home, or use to build your portfolio!",SINGLE_FAMILY,4610  Hidden Lake Loop,,Mount Vernon,WA,98273,3,1,1,1420,2010,49,470000,2024-05-30,465000,2024-07-18,3485,327,48.427956,-122.280202,Seneca Highlands,Skagit,53057,2,49,2,,,,Mount Vernon School District,http://ap.rdcpix.com/faba6a6a9cace4c7b22180e73f0617a4l-m3129010520od-w480_h360_x2.webp?w=1080&q=75,"http://ap.rdcpix.com/faba6a6a9cace4c7b22180e73f0617a4l-m3129010520od-w480_h360_x2.webp?w=1080&q=75, http://ap.rdcpix.com/faba6a6a9cace4c7b22180e73f0617a4l-m78653593od-w480_h360_x2.webp?w=1080&q=75, http://ap.rdcpix.com/faba6a6a9cace4c7b22180e73f0617a4l-m375850621od-w480_h360_x2.webp?w=1080&q=75, http://ap.rdcpix.com/faba6a6a9cace4c7b22180e73f0617a4l-m868178304od-w480_h360_x2.webp?w=1080&q=75, http://ap.rdcpix.com/faba6a6a9cace4c7b22180e73f0617a4l-m308711589od-w480_h360_x2.webp?w=1080&q=75, http://ap.rdcpix.com/faba6a6a9cace4c7b22180e73f0617a4l-m1946403023od-w480_h360_x2.webp?w=1080&q=75, http://ap.rdcpix.com/faba6a6a9cace4c7b22180e73f0617a4l-m3407936157od-w480_h360_x2.webp?w=1080&q=75, http://ap.rdcpix.com/faba6a6a9cace4c7b22180e73f0617a4l-m3219713927od-w480_h360_x2.webp?w=1080&q=75, http://ap.rdcpix.com/faba6a6a9cace4c7b22180e73f0617a4l-m858933915od-w480_h360_x2.webp?w=1080&q=75, http://ap.rdcpix.com/faba6a6a9cace4c7b22180e73f0617a4l-m1514512039od-w480_h360_x2.webp?w=1080&q=75, http://ap.rdcpix.com/faba6a6a9cace4c7b22180e73f0617a4l-m729185742od-w480_h360_x2.webp?w=1080&q=75, http://ap.rdcpix.com/faba6a6a9cace4c7b22180e73f0617a4l-m4208761057od-w480_h360_x2.webp?w=1080&q=75, http://ap.rdcpix.com/faba6a6a9cace4c7b22180e73f0617a4l-m2324208801od-w480_h360_x2.webp?w=1080&q=75, http://ap.rdcpix.com/faba6a6a9cace4c7b22180e73f0617a4l-m2000821984od-w480_h360_x2.webp?w=1080&q=75, http://ap.rdcpix.com/faba6a6a9cace4c7b22180e73f0617a4l-m1778041934od-w480_h360_x2.webp?w=1080&q=75, http://ap.rdcpix.com/faba6a6a9cace4c7b22180e73f0617a4l-m2639019869od-w480_h360_x2.webp?w=1080&q=75, http://ap.rdcpix.com/faba6a6a9cace4c7b22180e73f0617a4l-m258043667od-w480_h360_x2.webp?w=1080&q=75, http://ap.rdcpix.com/faba6a6a9cace4c7b22180e73f0617a4l-m1033237198od-w480_h360_x2.webp?w=1080&q=75, http://ap.rdcpix.com/faba6a6a9cace4c7b22180e73f0617a4l-m1956203805od-w480_h360_x2.webp?w=1080&q=75, http://ap.rdcpix.com/faba6a6a9cace4c7b22180e73f0617a4l-m1341115063od-w480_h360_x2.webp?w=1080&q=75, http://ap.rdcpix.com/faba6a6a9cace4c7b22180e73f0617a4l-m4061193856od-w480_h360_x2.webp?w=1080&q=75, http://ap.rdcpix.com/faba6a6a9cace4c7b22180e73f0617a4l-m1241318352od-w480_h360_x2.webp?w=1080&q=75, http://ap.rdcpix.com/faba6a6a9cace4c7b22180e73f0617a4l-m2640727668od-w480_h360_x2.webp?w=1080&q=75, http://ap.rdcpix.com/faba6a6a9cace4c7b22180e73f0617a4l-m60498357od-w480_h360_x2.webp?w=1080&q=75, http://ap.rdcpix.com/faba6a6a9cace4c7b22180e73f0617a4l-m4277397935od-w480_h360_x2.webp?w=1080&q=75, http://ap.rdcpix.com/faba6a6a9cace4c7b22180e73f0617a4l-m1981638088od-w480_h360_x2.webp?w=1080&q=75, http://ap.rdcpix.com/faba6a6a9cace4c7b22180e73f0617a4l-m2640226978od-w480_h360_x2.webp?w=1080&q=75, http://ap.rdcpix.com/faba6a6a9cace4c7b22180e73f0617a4l-m4126823405od-w480_h360_x2.webp?w=1080&q=75, http://ap.rdcpix.com/faba6a6a9cace4c7b22180e73f0617a4l-m1646076507od-w480_h360_x2.webp?w=1080&q=75, http://ap.rdcpix.com/faba6a6a9cace4c7b22180e73f0617a4l-m483701538od-w480_h360_x2.webp?w=1080&q=75"
https://www.realtor.com/realestateandhomes-detail/2750357693,SEWA,2226811,SOLD,"Welcome to the possibilities nestled within this older gem. This quaint home, brimming with character and waiting for its next chapter, invites you to explore the artistry of restoration and the thrill of crafting your own masterpiece. Don't miss your chance to unlock the potential with 2 bedrooms and 1 bathroom. Seize the opportunity to breathe new life into history and make your mark on a home that is waiting to be rediscovered.",SINGLE_FAMILY,1217  15th St,,Anacortes,WA,98221,2,1,,902,1935,87,325000,2024-04-22,300000,2024-07-18,6098,333,48.509957,-122.617037,Central Anacortes,Skagit,53057,1,0,,,,,Anacortes School District,http://ap.rdcpix.com/b6ad50442fe9e19d8fd9fb261e1c1a59l-m182050985od-w480_h360_x2.webp?w=1080&q=75,"http://ap.rdcpix.com/b6ad50442fe9e19d8fd9fb261e1c1a59l-m182050985od-w480_h360_x2.webp?w=1080&q=75, http://ap.rdcpix.com/b6ad50442fe9e19d8fd9fb261e1c1a59l-m1094224661od-w480_h360_x2.webp?w=1080&q=75, http://ap.rdcpix.com/b6ad50442fe9e19d8fd9fb261e1c1a59l-m3955076121od-w480_h360_x2.webp?w=1080&q=75, http://ap.rdcpix.com/b6ad50442fe9e19d8fd9fb261e1c1a59l-m4204520089od-w480_h360_x2.webp?w=1080&q=75, http://ap.rdcpix.com/b6ad50442fe9e19d8fd9fb261e1c1a59l-m625628144od-w480_h360_x2.webp?w=1080&q=75, http://ap.rdcpix.com/b6ad50442fe9e19d8fd9fb261e1c1a59l-m1521866568od-w480_h360_x2.webp?w=1080&q=75, http://ap.rdcpix.com/b6ad50442fe9e19d8fd9fb261e1c1a59l-m3776157571od-w480_h360_x2.webp?w=1080&q=75"
https://www.realtor.com/realestateandhomes-detail/1207779674,SEWA,2235680,SOLD,"Welcome to the tranquil 55+ community of Twin Brooks! This delightful home provides open architecture, timeless craftsman detailing & high ceilings. Effortless living with a 'No Step design' ensures accessibility at every turn. Entertainment kitchen equipped w/loads of storage, under cabinet lighting, gas stove, granite w/full tile splash, plus cook island w/bar seating. Spacious dining seamlessly connects to a light filled living area warmed by a cozy gas fireplace. Spacious primary w/ensuite complete w/dual vanity, oversized tiled shower & generous walk-in w/custom built-ins. 2 perfect guest bdrms & full guest bath. Covered back deck looks over lush yard & peaceful greenbelt. Central AC, Cat 6 network, 2 car garage +Clubhouse & yard care.",SINGLE_FAMILY,529  Timberland Loop,,Mount Vernon,WA,98273,3,1,,1737,2017,70,750000,2024-05-10,750000,2024-07-19,8231,432,48.425405,-122.283104,Seneca Highlands,Skagit,53057,1,240,2,,,,Mount Vernon School District,http://ap.rdcpix.com/a4863dbb4afaa3929c436cf768b654c2l-m110115533od-w480_h360_x2.webp?w=1080&q=75,http://ap.rdcpix.com/a4863dbb4afaa3929c436cf768b654c2l-m110115533od-w480_h360_x2.webp?w=1080&q=75
https://www.realtor.com/realestateandhomes-detail/1764386209,SEWA,2242899,SOLD,"Welcome to your perfect blend of elegance & comfort! This meticulously maintained home boasts a stunningly manicured yard adorned with fresh bark. This 4-bd, 2.5-bath residence is designed for both functionality & style. The heart of the home is its oversized kitchen, it offers an abundance of storage along with a sprawling walk-in pantry/utility room. Granite counters & a tile backsplash add a touch of luxury to the space, making meal prep a delight. A newer roof ensures worry-free living, complemented by fresh paint throughout & newer appliances. Escape to the luxurious master suite, featuring a versatile sitting area or office space. Indulge in the lavish 5-piece ensuite, complete with dual sinks, a sumptuous soaking tub & shower.",SINGLE_FAMILY,4717  Mount Baker Loop,,Mount Vernon,WA,98273,4,2,1,2468,2007,40,624000,2024-06-08,624000,2024-07-18,6098,253,48.428984,-122.279866,Seneca Highlands,Skagit,53057,2,64,2,,,,Mount Vernon School District,http://ap.rdcpix.com/98dbd5c133cd254df75a1c5c459cdb4dl-m2077980008od-w480_h360_x2.webp?w=1080&q=75,"http://ap.rdcpix.com/98dbd5c133cd254df75a1c5c459cdb4dl-m2077980008od-w480_h360_x2.webp?w=1080&q=75, http://ap.rdcpix.com/98dbd5c133cd254df75a1c5c459cdb4dl-m1414552006od-w480_h360_x2.webp?w=1080&q=75, http://ap.rdcpix.com/98dbd5c133cd254df75a1c5c459cdb4dl-m1331661840od-w480_h360_x2.webp?w=1080&q=75, http://ap.rdcpix.com/98dbd5c133cd254df75a1c5c459cdb4dl-m1694853848od-w480_h360_x2.webp?w=1080&q=75, http://ap.rdcpix.com/98dbd5c133cd254df75a1c5c459cdb4dl-m1585735801od-w480_h360_x2.webp?w=1080&q=75, http://ap.rdcpix.com/98dbd5c133cd254df75a1c5c459cdb4dl-m1376506304od-w480_h360_x2.webp?w=1080&q=75, http://ap.rdcpix.com/98dbd5c133cd254df75a1c5c459cdb4dl-m3221296207od-w480_h360_x2.webp?w=1080&q=75, http://ap.rdcpix.com/98dbd5c133cd254df75a1c5c459cdb4dl-m1505731690od-w480_h360_x2.webp?w=1080&q=75, http://ap.rdcpix.com/98dbd5c133cd254df75a1c5c459cdb4dl-m3593107543od-w480_h360_x2.webp?w=1080&q=75, http://ap.rdcpix.com/98dbd5c133cd254df75a1c5c459cdb4dl-m1825787960od-w480_h360_x2.webp?w=1080&q=75, http://ap.rdcpix.com/98dbd5c133cd254df75a1c5c459cdb4dl-m4238106105od-w480_h360_x2.webp?w=1080&q=75, http://ap.rdcpix.com/98dbd5c133cd254df75a1c5c459cdb4dl-m1280036003od-w480_h360_x2.webp?w=1080&q=75, http://ap.rdcpix.com/98dbd5c133cd254df75a1c5c459cdb4dl-m2175269622od-w480_h360_x2.webp?w=1080&q=75, http://ap.rdcpix.com/98dbd5c133cd254df75a1c5c459cdb4dl-m27917384od-w480_h360_x2.webp?w=1080&q=75, http://ap.rdcpix.com/98dbd5c133cd254df75a1c5c459cdb4dl-m1264226314od-w480_h360_x2.webp?w=1080&q=75, http://ap.rdcpix.com/98dbd5c133cd254df75a1c5c459cdb4dl-m3926686217od-w480_h360_x2.webp?w=1080&q=75, http://ap.rdcpix.com/98dbd5c133cd254df75a1c5c459cdb4dl-m2925717818od-w480_h360_x2.webp?w=1080&q=75, http://ap.rdcpix.com/98dbd5c133cd254df75a1c5c459cdb4dl-m758671722od-w480_h360_x2.webp?w=1080&q=75, http://ap.rdcpix.com/98dbd5c133cd254df75a1c5c459cdb4dl-m3364769616od-w480_h360_x2.webp?w=1080&q=75, http://ap.rdcpix.com/98dbd5c133cd254df75a1c5c459cdb4dl-m2684308371od-w480_h360_x2.webp?w=1080&q=75, http://ap.rdcpix.com/98dbd5c133cd254df75a1c5c459cdb4dl-m2920654106od-w480_h360_x2.webp?w=1080&q=75, http://ap.rdcpix.com/98dbd5c133cd254df75a1c5c459cdb4dl-m2992159059od-w480_h360_x2.webp?w=1080&q=75, http://ap.rdcpix.com/98dbd5c133cd254df75a1c5c459cdb4dl-m3949652065od-w480_h360_x2.webp?w=1080&q=75, http://ap.rdcpix.com/98dbd5c133cd254df75a1c5c459cdb4dl-m3220603804od-w480_h360_x2.webp?w=1080&q=75, http://ap.rdcpix.com/98dbd5c133cd254df75a1c5c459cdb4dl-m3991790608od-w480_h360_x2.webp?w=1080&q=75, http://ap.rdcpix.com/98dbd5c133cd254df75a1c5c459cdb4dl-m3555480166od-w480_h360_x2.webp?w=1080&q=75, http://ap.rdcpix.com/98dbd5c133cd254df75a1c5c459cdb4dl-m2476956637od-w480_h360_x2.webp?w=1080&q=75, http://ap.rdcpix.com/98dbd5c133cd254df75a1c5c459cdb4dl-m1273564264od-w480_h360_x2.webp?w=1080&q=75, http://ap.rdcpix.com/98dbd5c133cd254df75a1c5c459cdb4dl-m1237484718od-w480_h360_x2.webp?w=1080&q=75, http://ap.rdcpix.com/98dbd5c133cd254df75a1c5c459cdb4dl-m1579896044od-w480_h360_x2.webp?w=1080&q=75, http://ap.rdcpix.com/98dbd5c133cd254df75a1c5c459cdb4dl-m1177719929od-w480_h360_x2.webp?w=1080&q=75, http://ap.rdcpix.com/98dbd5c133cd254df75a1c5c459cdb4dl-m637131321od-w480_h360_x2.webp?w=1080&q=75, http://ap.rdcpix.com/98dbd5c133cd254df75a1c5c459cdb4dl-m769445087od-w480_h360_x2.webp?w=1080&q=75, http://ap.rdcpix.com/98dbd5c133cd254df75a1c5c459cdb4dl-m660973289od-w480_h360_x2.webp?w=1080&q=75, http://ap.rdcpix.com/98dbd5c133cd254df75a1c5c459cdb4dl-m2797142250od-w480_h360_x2.webp?w=1080&q=75, http://ap.rdcpix.com/98dbd5c133cd254df75a1c5c459cdb4dl-m3218367252od-w480_h360_x2.webp?w=1080&q=75, http://ap.rdcpix.com/98dbd5c133cd254df75a1c5c459cdb4dl-m3714596195od-w480_h360_x2.webp?w=1080&q=75, http://ap.rdcpix.com/98dbd5c133cd254df75a1c5c459cdb4dl-m2503258012od-w480_h360_x2.webp?w=1080&q=75, http://ap.rdcpix.com/98dbd5c133cd254df75a1c5c459cdb4dl-m655665515od-w480_h360_x2.webp?w=1080&q=75"
https://www.realtor.com/realestateandhomes-detail/1983365809,SEWA,2222210,SOLD,"Located on one of the loveliest historic streets in Anacortes, this 1906 home is filled with the era's charm. A front porch surrounded by a beautiful landscape welcomes you home. The antique front door, original fir stairs and banister, stained glass living room window, and tastefully updated kitchen and bathrooms make this two-bedroom home unique. The backyard completes this home with a large covered heated deck, gas firepit, separate studio, and a large garage with alley access. A new, high-quality comp roof and a new furnace were installed last year. So close to all the downtown shopping, dining, entertainment, parks, and marinas, you won't want to drive.",SINGLE_FAMILY,1112  5th St,,Anacortes,WA,98221,2,1,1,1435,1906,97,875000,2024-04-12,845000,2024-07-18,6098,589,48.518549,-122.614847,Old Town,Skagit,53057,2,0,2,,,,"Anacortes School District, Northwest Educational Service District 189",http://ap.rdcpix.com/f31bc5a851d2ec194dbdc180a6baaa0dl-m1214557231od-w480_h360_x2.webp?w=1080&q=75,"http://ap.rdcpix.com/f31bc5a851d2ec194dbdc180a6baaa0dl-m1214557231od-w480_h360_x2.webp?w=1080&q=75, http://ap.rdcpix.com/f31bc5a851d2ec194dbdc180a6baaa0dl-m180827220od-w480_h360_x2.webp?w=1080&q=75, http://ap.rdcpix.com/f31bc5a851d2ec194dbdc180a6baaa0dl-m2556846572od-w480_h360_x2.webp?w=1080&q=75, http://ap.rdcpix.com/f31bc5a851d2ec194dbdc180a6baaa0dl-m1062098282od-w480_h360_x2.webp?w=1080&q=75, http://ap.rdcpix.com/f31bc5a851d2ec194dbdc180a6baaa0dl-m2066793086od-w480_h360_x2.webp?w=1080&q=75, http://ap.rdcpix.com/f31bc5a851d2ec194dbdc180a6baaa0dl-m2859120101od-w480_h360_x2.webp?w=1080&q=75, http://ap.rdcpix.com/f31bc5a851d2ec194dbdc180a6baaa0dl-m218442984od-w480_h360_x2.webp?w=1080&q=75, http://ap.rdcpix.com/f31bc5a851d2ec194dbdc180a6baaa0dl-m177759497od-w480_h360_x2.webp?w=1080&q=75, http://ap.rdcpix.com/f31bc5a851d2ec194dbdc180a6baaa0dl-m286950217od-w480_h360_x2.webp?w=1080&q=75, http://ap.rdcpix.com/f31bc5a851d2ec194dbdc180a6baaa0dl-m3162481877od-w480_h360_x2.webp?w=1080&q=75, http://ap.rdcpix.com/f31bc5a851d2ec194dbdc180a6baaa0dl-m1591444474od-w480_h360_x2.webp?w=1080&q=75, http://ap.rdcpix.com/f31bc5a851d2ec194dbdc180a6baaa0dl-m2241741752od-w480_h360_x2.webp?w=1080&q=75, http://ap.rdcpix.com/f31bc5a851d2ec194dbdc180a6baaa0dl-m3174828326od-w480_h360_x2.webp?w=1080&q=75, http://ap.rdcpix.com/f31bc5a851d2ec194dbdc180a6baaa0dl-m4115759945od-w480_h360_x2.webp?w=1080&q=75, http://ap.rdcpix.com/f31bc5a851d2ec194dbdc180a6baaa0dl-m1397335797od-w480_h360_x2.webp?w=1080&q=75, http://ap.rdcpix.com/f31bc5a851d2ec194dbdc180a6baaa0dl-m3627617024od-w480_h360_x2.webp?w=1080&q=75, http://ap.rdcpix.com/f31bc5a851d2ec194dbdc180a6baaa0dl-m722683751od-w480_h360_x2.webp?w=1080&q=75, http://ap.rdcpix.com/f31bc5a851d2ec194dbdc180a6baaa0dl-m2186028476od-w480_h360_x2.webp?w=1080&q=75, http://ap.rdcpix.com/f31bc5a851d2ec194dbdc180a6baaa0dl-m230156058od-w480_h360_x2.webp?w=1080&q=75, http://ap.rdcpix.com/f31bc5a851d2ec194dbdc180a6baaa0dl-m4069851317od-w480_h360_x2.webp?w=1080&q=75, http://ap.rdcpix.com/f31bc5a851d2ec194dbdc180a6baaa0dl-m3657200847od-w480_h360_x2.webp?w=1080&q=75, http://ap.rdcpix.com/f31bc5a851d2ec194dbdc180a6baaa0dl-m1779066662od-w480_h360_x2.webp?w=1080&q=75, http://ap.rdcpix.com/f31bc5a851d2ec194dbdc180a6baaa0dl-m2279044463od-w480_h360_x2.webp?w=1080&q=75, http://ap.rdcpix.com/f31bc5a851d2ec194dbdc180a6baaa0dl-m74356821od-w480_h360_x2.webp?w=1080&q=75, http://ap.rdcpix.com/f31bc5a851d2ec194dbdc180a6baaa0dl-m549707097od-w480_h360_x2.webp?w=1080&q=75, http://ap.rdcpix.com/f31bc5a851d2ec194dbdc180a6baaa0dl-m3866741008od-w480_h360_x2.webp?w=1080&q=75, http://ap.rdcpix.com/f31bc5a851d2ec194dbdc180a6baaa0dl-m656263156od-w480_h360_x2.webp?w=1080&q=75, http://ap.rdcpix.com/f31bc5a851d2ec194dbdc180a6baaa0dl-m310059495od-w480_h360_x2.webp?w=1080&q=75, http://ap.rdcpix.com/f31bc5a851d2ec194dbdc180a6baaa0dl-m3040751833od-w480_h360_x2.webp?w=1080&q=75, http://ap.rdcpix.com/f31bc5a851d2ec194dbdc180a6baaa0dl-m878777939od-w480_h360_x2.webp?w=1080&q=75, http://ap.rdcpix.com/f31bc5a851d2ec194dbdc180a6baaa0dl-m1972053373od-w480_h360_x2.webp?w=1080&q=75, http://ap.rdcpix.com/f31bc5a851d2ec194dbdc180a6baaa0dl-m943737938od-w480_h360_x2.webp?w=1080&q=75, http://ap.rdcpix.com/f31bc5a851d2ec194dbdc180a6baaa0dl-m1533236127od-w480_h360_x2.webp?w=1080&q=75, http://ap.rdcpix.com/f31bc5a851d2ec194dbdc180a6baaa0dl-m398596281od-w480_h360_x2.webp?w=1080&q=75, http://ap.rdcpix.com/f31bc5a851d2ec194dbdc180a6baaa0dl-m2538795644od-w480_h360_x2.webp?w=1080&q=75, http://ap.rdcpix.com/f31bc5a851d2ec194dbdc180a6baaa0dl-m1202523361od-w480_h360_x2.webp?w=1080&q=75, http://ap.rdcpix.com/f31bc5a851d2ec194dbdc180a6baaa0dl-m1026798584od-w480_h360_x2.webp?w=1080&q=75"
https://www.realtor.com/realestateandhomes-detail/9851110636,SEWA,2222530,SOLD,"Discover the perfect canvas for your dream home in Shelter Baywhere breathtaking views and an active lifestyle await. Meticulously crafted building plans include a convenient walkout basement + garage. Main floor boasts 1, 440SF, including a covered porch for outdoor enjoyment. Dive into the resort-like amenities: private marina w/ boat launch, pool, pickleball and tennis courts, par 3 golf, clubhouse, and more. Backs to greenbelt. Lot is on leased land. Lease expires in 2044. Negotiations underway for a new lease. Permitting through the Swinomish Tribal Planning Dept. Seller will provide their (optional) proposed plans which require a height variance from Shelter Bay. Only minutes from La Conner's charming shops and restaurants.",LAND,792  Shelter Bay Dr,Lot 792,La Conner,WA,98257,,,,,,94,35000,2024-04-16,30000,2024-07-19,9797,,48.379348,-122.52929,,Skagit,53057,,293,,,,,La Conner School District,http://ap.rdcpix.com/7fb05dd408edbde4c1fcc38cdb4b8088l-b422511836od-w480_h360_x2.webp?w=1080&q=75,"http://ap.rdcpix.com/7fb05dd408edbde4c1fcc38cdb4b8088l-b422511836od-w480_h360_x2.webp?w=1080&q=75, http://ap.rdcpix.com/7fb05dd408edbde4c1fcc38cdb4b8088l-b3051291316od-w480_h360_x2.webp?w=1080&q=75, http://ap.rdcpix.com/7fb05dd408edbde4c1fcc38cdb4b8088l-b641814536od-w480_h360_x2.webp?w=1080&q=75, http://ap.rdcpix.com/7fb05dd408edbde4c1fcc38cdb4b8088l-b1800186288od-w480_h360_x2.webp?w=1080&q=75, http://ap.rdcpix.com/7fb05dd408edbde4c1fcc38cdb4b8088l-b162888323od-w480_h360_x2.webp?w=1080&q=75, http://ap.rdcpix.com/7fb05dd408edbde4c1fcc38cdb4b8088l-b3930185951od-w480_h360_x2.webp?w=1080&q=75, http://ap.rdcpix.com/7fb05dd408edbde4c1fcc38cdb4b8088l-b3082651657od-w480_h360_x2.webp?w=1080&q=75, http://ap.rdcpix.com/7fb05dd408edbde4c1fcc38cdb4b8088l-b3392948451od-w480_h360_x2.webp?w=1080&q=75, http://ap.rdcpix.com/7fb05dd408edbde4c1fcc38cdb4b8088l-b19998865od-w480_h360_x2.webp?w=1080&q=75, http://ap.rdcpix.com/7fb05dd408edbde4c1fcc38cdb4b8088l-b1692707100od-w480_h360_x2.webp?w=1080&q=75, http://ap.rdcpix.com/7fb05dd408edbde4c1fcc38cdb4b8088l-b4131541419od-w480_h360_x2.webp?w=1080&q=75, http://ap.rdcpix.com/7fb05dd408edbde4c1fcc38cdb4b8088l-b910321401od-w480_h360_x2.webp?w=1080&q=75, http://ap.rdcpix.com/7fb05dd408edbde4c1fcc38cdb4b8088l-b4195053219od-w480_h360_x2.webp?w=1080&q=75, http://ap.rdcpix.com/7fb05dd408edbde4c1fcc38cdb4b8088l-b955943444od-w480_h360_x2.webp?w=1080&q=75, http://ap.rdcpix.com/7fb05dd408edbde4c1fcc38cdb4b8088l-b1385507528od-w480_h360_x2.webp?w=1080&q=75, http://ap.rdcpix.com/7fb05dd408edbde4c1fcc38cdb4b8088l-b1810162758od-w480_h360_x2.webp?w=1080&q=75, http://ap.rdcpix.com/7fb05dd408edbde4c1fcc38cdb4b8088l-b1688740798od-w480_h360_x2.webp?w=1080&q=75, http://ap.rdcpix.com/7fb05dd408edbde4c1fcc38cdb4b8088l-b3010582384od-w480_h360_x2.webp?w=1080&q=75, http://ap.rdcpix.com/7fb05dd408edbde4c1fcc38cdb4b8088l-b1863279303od-w480_h360_x2.webp?w=1080&q=75"
https://www.realtor.com/realestateandhomes-detail/1772492481,SEWA,2248630,SOLD,"Immaculate 4 bedroom 2.5-bath home in the stunning Highland Greens neighborhood.This home opens to a large spacious great room w/gas. fireplace, AC, large gourmet chef's kitchen w/stainless appliances, hardwood floors, granite countertops, pantry & kitchen w/eating space make this a perfect spot for entertaining.The formal dining room can be used as a formal living room or office. Upstairs features 4 large bedrooms w/spacious closets.The large primary bedroom includes a gorgeous bathroom w/a double-sink vanity, soaking tub & separate step-in shower. Gorgeous landscaping front and back with sitting area/patio.This popular neighborhood offers a central courtyard w/ paths & a gazebo providing space to relax & play.",SINGLE_FAMILY,3201 N 30th St,,Mount Vernon,WA,98273,4,2,1,2305,2020,42,699000,2024-06-07,685000,2024-07-19,6582,297,48.448125,-122.298878,Centennial Ridge,Skagit,53057,2,38,2,,,,Mount Vernon School District,http://ap.rdcpix.com/d27edc7cdc2d0bbf608f16d32e7b92ccl-m369530323od-w480_h360_x2.webp?w=1080&q=75,"http://ap.rdcpix.com/d27edc7cdc2d0bbf608f16d32e7b92ccl-m369530323od-w480_h360_x2.webp?w=1080&q=75, http://ap.rdcpix.com/d27edc7cdc2d0bbf608f16d32e7b92ccl-m1774595484od-w480_h360_x2.webp?w=1080&q=75, http://ap.rdcpix.com/d27edc7cdc2d0bbf608f16d32e7b92ccl-m989253916od-w480_h360_x2.webp?w=1080&q=75, http://ap.rdcpix.com/d27edc7cdc2d0bbf608f16d32e7b92ccl-m1158869911od-w480_h360_x2.webp?w=1080&q=75, http://ap.rdcpix.com/d27edc7cdc2d0bbf608f16d32e7b92ccl-m2779324032od-w480_h360_x2.webp?w=1080&q=75, http://ap.rdcpix.com/d27edc7cdc2d0bbf608f16d32e7b92ccl-m2278895458od-w480_h360_x2.webp?w=1080&q=75, http://ap.rdcpix.com/d27edc7cdc2d0bbf608f16d32e7b92ccl-m982977653od-w480_h360_x2.webp?w=1080&q=75, http://ap.rdcpix.com/d27edc7cdc2d0bbf608f16d32e7b92ccl-m2563771459od-w480_h360_x2.webp?w=1080&q=75, http://ap.rdcpix.com/d27edc7cdc2d0bbf608f16d32e7b92ccl-m4032382126od-w480_h360_x2.webp?w=1080&q=75, http://ap.rdcpix.com/d27edc7cdc2d0bbf608f16d32e7b92ccl-m2727757878od-w480_h360_x2.webp?w=1080&q=75, http://ap.rdcpix.com/d27edc7cdc2d0bbf608f16d32e7b92ccl-m2802500114od-w480_h360_x2.webp?w=1080&q=75, http://ap.rdcpix.com/d27edc7cdc2d0bbf608f16d32e7b92ccl-m158515661od-w480_h360_x2.webp?w=1080&q=75, http://ap.rdcpix.com/d27edc7cdc2d0bbf608f16d32e7b92ccl-m1712139448od-w480_h360_x2.webp?w=1080&q=75, http://ap.rdcpix.com/d27edc7cdc2d0bbf608f16d32e7b92ccl-m911977027od-w480_h360_x2.webp?w=1080&q=75, http://ap.rdcpix.com/d27edc7cdc2d0bbf608f16d32e7b92ccl-m1829087627od-w480_h360_x2.webp?w=1080&q=75, http://ap.rdcpix.com/d27edc7cdc2d0bbf608f16d32e7b92ccl-m2923515086od-w480_h360_x2.webp?w=1080&q=75, http://ap.rdcpix.com/d27edc7cdc2d0bbf608f16d32e7b92ccl-m2868328902od-w480_h360_x2.webp?w=1080&q=75, http://ap.rdcpix.com/d27edc7cdc2d0bbf608f16d32e7b92ccl-m3192578503od-w480_h360_x2.webp?w=1080&q=75, http://ap.rdcpix.com/d27edc7cdc2d0bbf608f16d32e7b92ccl-m4022126593od-w480_h360_x2.webp?w=1080&q=75, http://ap.rdcpix.com/d27edc7cdc2d0bbf608f16d32e7b92ccl-m3006333785od-w480_h360_x2.webp?w=1080&q=75, http://ap.rdcpix.com/d27edc7cdc2d0bbf608f16d32e7b92ccl-m101801233od-w480_h360_x2.webp?w=1080&q=75, http://ap.rdcpix.com/d27edc7cdc2d0bbf608f16d32e7b92ccl-m1330865002od-w480_h360_x2.webp?w=1080&q=75, http://ap.rdcpix.com/d27edc7cdc2d0bbf608f16d32e7b92ccl-m1429214831od-w480_h360_x2.webp?w=1080&q=75, http://ap.rdcpix.com/d27edc7cdc2d0bbf608f16d32e7b92ccl-m2959362874od-w480_h360_x2.webp?w=1080&q=75, http://ap.rdcpix.com/d27edc7cdc2d0bbf608f16d32e7b92ccl-m448500188od-w480_h360_x2.webp?w=1080&q=75, http://ap.rdcpix.com/d27edc7cdc2d0bbf608f16d32e7b92ccl-m2869990522od-w480_h360_x2.webp?w=1080&q=75, http://ap.rdcpix.com/d27edc7cdc2d0bbf608f16d32e7b92ccl-m2206677218od-w480_h360_x2.webp?w=1080&q=75, http://ap.rdcpix.com/d27edc7cdc2d0bbf608f16d32e7b92ccl-m1790192984od-w480_h360_x2.webp?w=1080&q=75, http://ap.rdcpix.com/d27edc7cdc2d0bbf608f16d32e7b92ccl-m548597218od-w480_h360_x2.webp?w=1080&q=75, http://ap.rdcpix.com/d27edc7cdc2d0bbf608f16d32e7b92ccl-m937524106od-w480_h360_x2.webp?w=1080&q=75, http://ap.rdcpix.com/d27edc7cdc2d0bbf608f16d32e7b92ccl-m2247239437od-w480_h360_x2.webp?w=1080&q=75, http://ap.rdcpix.com/d27edc7cdc2d0bbf608f16d32e7b92ccl-m412725628od-w480_h360_x2.webp?w=1080&q=75, http://ap.rdcpix.com/d27edc7cdc2d0bbf608f16d32e7b92ccl-m3141775927od-w480_h360_x2.webp?w=1080&q=75, http://ap.rdcpix.com/d27edc7cdc2d0bbf608f16d32e7b92ccl-m1265092013od-w480_h360_x2.webp?w=1080&q=75, http://ap.rdcpix.com/d27edc7cdc2d0bbf608f16d32e7b92ccl-m4027739918od-w480_h360_x2.webp?w=1080&q=75, http://ap.rdcpix.com/d27edc7cdc2d0bbf608f16d32e7b92ccl-m3688164407od-w480_h360_x2.webp?w=1080&q=75, http://ap.rdcpix.com/d27edc7cdc2d0bbf608f16d32e7b92ccl-m3131488705od-w480_h360_x2.webp?w=1080&q=75, http://ap.rdcpix.com/d27edc7cdc2d0bbf608f16d32e7b92ccl-m2240074987od-w480_h360_x2.webp?w=1080&q=75, http://ap.rdcpix.com/d27edc7cdc2d0bbf608f16d32e7b92ccl-m682720802od-w480_h360_x2.webp?w=1080&q=75"
https://www.realtor.com/realestateandhomes-detail/1214751892,SEWA,2236631,SOLD,"Beautiful doublewide (3 bedrooms, 2 bathrooms) Lots of charm and attention to details on 4.39 acres next to woods and with 97 feet along the scenic Skagit River. Also boasts a charming guest cottage, outdoor BBQ kitchen, a screened-in gazebo, an artist studio and a large shop. Marvel at the river view from the deck. Enjoy the evenings on the screened in porch. Lots of room for gardens or critters. Many furnishings to stay, including sofas, craftsman kitchen table and generator. Lovely home.",MOBILE,7627  Logsdon Ln,,Concrete,WA,98237,3,1,,1232,1996,73,465000,2024-05-12,465000,2024-07-24,191228,377,48.5364,-121.787448,,Skagit,53057,1,0,,,,,Concrete School District,http://ap.rdcpix.com/d31bba70386b315928a8aa64f1fa47f3l-m2693065139od-w480_h360_x2.webp?w=1080&q=75,"http://ap.rdcpix.com/d31bba70386b315928a8aa64f1fa47f3l-m2693065139od-w480_h360_x2.webp?w=1080&q=75, http://ap.rdcpix.com/d31bba70386b315928a8aa64f1fa47f3l-m557735578od-w480_h360_x2.webp?w=1080&q=75, http://ap.rdcpix.com/d31bba70386b315928a8aa64f1fa47f3l-m4168249635od-w480_h360_x2.webp?w=1080&q=75, http://ap.rdcpix.com/d31bba70386b315928a8aa64f1fa47f3l-m4126203461od-w480_h360_x2.webp?w=1080&q=75, http://ap.rdcpix.com/d31bba70386b315928a8aa64f1fa47f3l-m425270433od-w480_h360_x2.webp?w=1080&q=75, http://ap.rdcpix.com/d31bba70386b315928a8aa64f1fa47f3l-m1126858083od-w480_h360_x2.webp?w=1080&q=75, http://ap.rdcpix.com/d31bba70386b315928a8aa64f1fa47f3l-m360660703od-w480_h360_x2.webp?w=1080&q=75, http://ap.rdcpix.com/d31bba70386b315928a8aa64f1fa47f3l-m1453461782od-w480_h360_x2.webp?w=1080&q=75, http://ap.rdcpix.com/d31bba70386b315928a8aa64f1fa47f3l-m4036537437od-w480_h360_x2.webp?w=1080&q=75, http://ap.rdcpix.com/d31bba70386b315928a8aa64f1fa47f3l-m2961634779od-w480_h360_x2.webp?w=1080&q=75, http://ap.rdcpix.com/d31bba70386b315928a8aa64f1fa47f3l-m1434083406od-w480_h360_x2.webp?w=1080&q=75, http://ap.rdcpix.com/d31bba70386b315928a8aa64f1fa47f3l-m2416482414od-w480_h360_x2.webp?w=1080&q=75, http://ap.rdcpix.com/d31bba70386b315928a8aa64f1fa47f3l-m811941252od-w480_h360_x2.webp?w=1080&q=75, http://ap.rdcpix.com/d31bba70386b315928a8aa64f1fa47f3l-m3119595908od-w480_h360_x2.webp?w=1080&q=75, http://ap.rdcpix.com/d31bba70386b315928a8aa64f1fa47f3l-m4035020408od-w480_h360_x2.webp?w=1080&q=75, http://ap.rdcpix.com/d31bba70386b315928a8aa64f1fa47f3l-m556887249od-w480_h360_x2.webp?w=1080&q=75, http://ap.rdcpix.com/d31bba70386b315928a8aa64f1fa47f3l-m3822770565od-w480_h360_x2.webp?w=1080&q=75, http://ap.rdcpix.com/d31bba70386b315928a8aa64f1fa47f3l-m235927782od-w480_h360_x2.webp?w=1080&q=75, http://ap.rdcpix.com/d31bba70386b315928a8aa64f1fa47f3l-m1125095077od-w480_h360_x2.webp?w=1080&q=75, http://ap.rdcpix.com/d31bba70386b315928a8aa64f1fa47f3l-m2829543551od-w480_h360_x2.webp?w=1080&q=75, http://ap.rdcpix.com/d31bba70386b315928a8aa64f1fa47f3l-m3992928652od-w480_h360_x2.webp?w=1080&q=75, http://ap.rdcpix.com/d31bba70386b315928a8aa64f1fa47f3l-m2352523485od-w480_h360_x2.webp?w=1080&q=75, http://ap.rdcpix.com/d31bba70386b315928a8aa64f1fa47f3l-m400918589od-w480_h360_x2.webp?w=1080&q=75, http://ap.rdcpix.com/d31bba70386b315928a8aa64f1fa47f3l-m3585288643od-w480_h360_x2.webp?w=1080&q=75, http://ap.rdcpix.com/d31bba70386b315928a8aa64f1fa47f3l-m854389385od-w480_h360_x2.webp?w=1080&q=75, http://ap.rdcpix.com/d31bba70386b315928a8aa64f1fa47f3l-m3955279943od-w480_h360_x2.webp?w=1080&q=75, http://ap.rdcpix.com/d31bba70386b315928a8aa64f1fa47f3l-m1284649381od-w480_h360_x2.webp?w=1080&q=75, http://ap.rdcpix.com/d31bba70386b315928a8aa64f1fa47f3l-m2066903411od-w480_h360_x2.webp?w=1080&q=75, http://ap.rdcpix.com/d31bba70386b315928a8aa64f1fa47f3l-m2638025361od-w480_h360_x2.webp?w=1080&q=75, http://ap.rdcpix.com/d31bba70386b315928a8aa64f1fa47f3l-m250442530od-w480_h360_x2.webp?w=1080&q=75, http://ap.rdcpix.com/d31bba70386b315928a8aa64f1fa47f3l-m1950740807od-w480_h360_x2.webp?w=1080&q=75, http://ap.rdcpix.com/d31bba70386b315928a8aa64f1fa47f3l-m2500690481od-w480_h360_x2.webp?w=1080&q=75, http://ap.rdcpix.com/d31bba70386b315928a8aa64f1fa47f3l-m1057136378od-w480_h360_x2.webp?w=1080&q=75, http://ap.rdcpix.com/d31bba70386b315928a8aa64f1fa47f3l-m977587893od-w480_h360_x2.webp?w=1080&q=75, http://ap.rdcpix.com/d31bba70386b315928a8aa64f1fa47f3l-m1470433139od-w480_h360_x2.webp?w=1080&q=75, http://ap.rdcpix.com/d31bba70386b315928a8aa64f1fa47f3l-m2377982669od-w480_h360_x2.webp?w=1080&q=75, http://ap.rdcpix.com/d31bba70386b315928a8aa64f1fa47f3l-m102528982od-w480_h360_x2.webp?w=1080&q=75, http://ap.rdcpix.com/d31bba70386b315928a8aa64f1fa47f3l-m2990032142od-w480_h360_x2.webp?w=1080&q=75, http://ap.rdcpix.com/d31bba70386b315928a8aa64f1fa47f3l-m857663276od-w480_h360_x2.webp?w=1080&q=75, http://ap.rdcpix.com/d31bba70386b315928a8aa64f1fa47f3l-m43477884od-w480_h360_x2.webp?w=1080&q=75"
https://www.realtor.com/realestateandhomes-detail/1175761047,SEWA,2251828,SOLD,"Cool vibe mid-century style home bursting with character and potential! Enjoy stunning southeast views overlooking the bay and distant mountains. The main level features an open living room and dining area, wood stone surround fireplace and galley kitchen with walk-in pantry & breakfast nook. The primary bedroom offers view picture window & attached bath, plus two additional bedrooms and full bath on main. Relax on the expansive deck with backyard access. The lower level includes laundry/mudroom with door out to backyard, flex space with storage plus a bathroom & a large yard perfect for entertainment, play, gardening and fruit trees. Moments from Deception Pass State Park, Shrimp Shack and easy access to Hwy 20 to NAS Whidbey or Anacortes!",SINGLE_FAMILY,5982  Central Ave,,Anacortes,WA,98221,3,2,1,2396,1958,35,649000,2024-06-14,649000,2024-07-19,23958,271,48.422438,-122.614598,Dewey Beach,Skagit,53057,1,0,,,,,Anacortes School District,http://ap.rdcpix.com/3b13cd2592d71f0300caec598415540bl-m3320395od-w480_h360_x2.webp?w=1080&q=75,"http://ap.rdcpix.com/3b13cd2592d71f0300caec598415540bl-m3320395od-w480_h360_x2.webp?w=1080&q=75, http://ap.rdcpix.com/3b13cd2592d71f0300caec598415540bl-m1070206669od-w480_h360_x2.webp?w=1080&q=75, http://ap.rdcpix.com/3b13cd2592d71f0300caec598415540bl-m1234589082od-w480_h360_x2.webp?w=1080&q=75, http://ap.rdcpix.com/3b13cd2592d71f0300caec598415540bl-m3511764703od-w480_h360_x2.webp?w=1080&q=75, http://ap.rdcpix.com/3b13cd2592d71f0300caec598415540bl-m2875632269od-w480_h360_x2.webp?w=1080&q=75, http://ap.rdcpix.com/3b13cd2592d71f0300caec598415540bl-m1039988607od-w480_h360_x2.webp?w=1080&q=75, http://ap.rdcpix.com/3b13cd2592d71f0300caec598415540bl-m3400463696od-w480_h360_x2.webp?w=1080&q=75, http://ap.rdcpix.com/3b13cd2592d71f0300caec598415540bl-m2013488571od-w480_h360_x2.webp?w=1080&q=75, http://ap.rdcpix.com/3b13cd2592d71f0300caec598415540bl-m68771029od-w480_h360_x2.webp?w=1080&q=75, http://ap.rdcpix.com/3b13cd2592d71f0300caec598415540bl-m1622825569od-w480_h360_x2.webp?w=1080&q=75, http://ap.rdcpix.com/3b13cd2592d71f0300caec598415540bl-m353698038od-w480_h360_x2.webp?w=1080&q=75, http://ap.rdcpix.com/3b13cd2592d71f0300caec598415540bl-m1604219252od-w480_h360_x2.webp?w=1080&q=75, http://ap.rdcpix.com/3b13cd2592d71f0300caec598415540bl-m295080015od-w480_h360_x2.webp?w=1080&q=75, http://ap.rdcpix.com/3b13cd2592d71f0300caec598415540bl-m4115280668od-w480_h360_x2.webp?w=1080&q=75, http://ap.rdcpix.com/3b13cd2592d71f0300caec598415540bl-m2007472990od-w480_h360_x2.webp?w=1080&q=75, http://ap.rdcpix.com/3b13cd2592d71f0300caec598415540bl-m2329465147od-w480_h360_x2.webp?w=1080&q=75, http://ap.rdcpix.com/3b13cd2592d71f0300caec598415540bl-m2494009841od-w480_h360_x2.webp?w=1080&q=75, http://ap.rdcpix.com/3b13cd2592d71f0300caec598415540bl-m2701111635od-w480_h360_x2.webp?w=1080&q=75, http://ap.rdcpix.com/3b13cd2592d71f0300caec598415540bl-m3851608502od-w480_h360_x2.webp?w=1080&q=75, http://ap.rdcpix.com/3b13cd2592d71f0300caec598415540bl-m953491905od-w480_h360_x2.webp?w=1080&q=75, http://ap.rdcpix.com/3b13cd2592d71f0300caec598415540bl-m525606337od-w480_h360_x2.webp?w=1080&q=75, http://ap.rdcpix.com/3b13cd2592d71f0300caec598415540bl-m2302850849od-w480_h360_x2.webp?w=1080&q=75, http://ap.rdcpix.com/3b13cd2592d71f0300caec598415540bl-m352151172od-w480_h360_x2.webp?w=1080&q=75, http://ap.rdcpix.com/3b13cd2592d71f0300caec598415540bl-m3944386988od-w480_h360_x2.webp?w=1080&q=75, http://ap.rdcpix.com/3b13cd2592d71f0300caec598415540bl-m815785813od-w480_h360_x2.webp?w=1080&q=75, http://ap.rdcpix.com/3b13cd2592d71f0300caec598415540bl-m3634774071od-w480_h360_x2.webp?w=1080&q=75, http://ap.rdcpix.com/3b13cd2592d71f0300caec598415540bl-m4031835318od-w480_h360_x2.webp?w=1080&q=75, http://ap.rdcpix.com/3b13cd2592d71f0300caec598415540bl-m1040830885od-w480_h360_x2.webp?w=1080&q=75, http://ap.rdcpix.com/3b13cd2592d71f0300caec598415540bl-m2027421679od-w480_h360_x2.webp?w=1080&q=75, http://ap.rdcpix.com/3b13cd2592d71f0300caec598415540bl-m1653190074od-w480_h360_x2.webp?w=1080&q=75, http://ap.rdcpix.com/3b13cd2592d71f0300caec598415540bl-m2000142050od-w480_h360_x2.webp?w=1080&q=75, http://ap.rdcpix.com/3b13cd2592d71f0300caec598415540bl-m1893736740od-w480_h360_x2.webp?w=1080&q=75, http://ap.rdcpix.com/3b13cd2592d71f0300caec598415540bl-m1992324845od-w480_h360_x2.webp?w=1080&q=75, http://ap.rdcpix.com/3b13cd2592d71f0300caec598415540bl-m2653058766od-w480_h360_x2.webp?w=1080&q=75, http://ap.rdcpix.com/3b13cd2592d71f0300caec598415540bl-m1373185156od-w480_h360_x2.webp?w=1080&q=75, http://ap.rdcpix.com/3b13cd2592d71f0300caec598415540bl-m3881771625od-w480_h360_x2.webp?w=1080&q=75, http://ap.rdcpix.com/3b13cd2592d71f0300caec598415540bl-m2907865od-w480_h360_x2.webp?w=1080&q=75, http://ap.rdcpix.com/3b13cd2592d71f0300caec598415540bl-m1012156123od-w480_h360_x2.webp?w=1080&q=75, http://ap.rdcpix.com/3b13cd2592d71f0300caec598415540bl-m1050737191od-w480_h360_x2.webp?w=1080&q=75, http://ap.rdcpix.com/3b13cd2592d71f0300caec598415540bl-m1294881554od-w480_h360_x2.webp?w=1080&q=75"
https://www.realtor.com/realestateandhomes-detail/9257404032,SEWA,2250897,SOLD,"Samish Island Barndominium on shy 3 acres w/Beach Access...1 bdrm, 1 bathrm w/walk-in shower, kitchen w/all appliances, gas range, loads of cabinets, quartz countertops, laundry rm w/washer/dryer, deep sink, extra storage & luxury vinyl flooring throughout. Small office/extra storage rm, organizers in closets. Heated w/2 mini splits 1 w/duct work to main area. Spacious garage/shop (1044 sq ft) w/high doors, dog wash sink, 11.5'x36' carport, 30-amp RV plug in both. Beautiful gazebo covers a 4-person hot tub & adjoining deck, 2 separate areas nicely fenced, RV space with water, power & RV clean out. Room to build a larger home. Private setting nicely landscaped & maintained, partially cleared & wooded. Generator w/auto switch.",SINGLE_FAMILY,4976  Mercer Rd,,Bow,WA,98232,1,,,720,2019,36,770000,2024-06-13,770000,2024-07-19,129783,1069,48.573603,-122.520645,,Skagit,53057,1,0,4,,,,Burlington-Edison School District,http://ap.rdcpix.com/201daa6168ad9f80b3392ce9404fbf0bl-m2490602880od-w480_h360_x2.webp?w=1080&q=75,"http://ap.rdcpix.com/201daa6168ad9f80b3392ce9404fbf0bl-m2490602880od-w480_h360_x2.webp?w=1080&q=75, http://ap.rdcpix.com/201daa6168ad9f80b3392ce9404fbf0bl-m3377523977od-w480_h360_x2.webp?w=1080&q=75, http://ap.rdcpix.com/201daa6168ad9f80b3392ce9404fbf0bl-m205014162od-w480_h360_x2.webp?w=1080&q=75, http://ap.rdcpix.com/201daa6168ad9f80b3392ce9404fbf0bl-m1559640084od-w480_h360_x2.webp?w=1080&q=75, http://ap.rdcpix.com/201daa6168ad9f80b3392ce9404fbf0bl-m405120844od-w480_h360_x2.webp?w=1080&q=75, http://ap.rdcpix.com/201daa6168ad9f80b3392ce9404fbf0bl-m2215728994od-w480_h360_x2.webp?w=1080&q=75, http://ap.rdcpix.com/201daa6168ad9f80b3392ce9404fbf0bl-m2819750988od-w480_h360_x2.webp?w=1080&q=75, http://ap.rdcpix.com/201daa6168ad9f80b3392ce9404fbf0bl-m599238856od-w480_h360_x2.webp?w=1080&q=75, http://ap.rdcpix.com/201daa6168ad9f80b3392ce9404fbf0bl-m2280133382od-w480_h360_x2.webp?w=1080&q=75, http://ap.rdcpix.com/201daa6168ad9f80b3392ce9404fbf0bl-m3101297799od-w480_h360_x2.webp?w=1080&q=75, http://ap.rdcpix.com/201daa6168ad9f80b3392ce9404fbf0bl-m143624897od-w480_h360_x2.webp?w=1080&q=75, http://ap.rdcpix.com/201daa6168ad9f80b3392ce9404fbf0bl-m1784684239od-w480_h360_x2.webp?w=1080&q=75, http://ap.rdcpix.com/201daa6168ad9f80b3392ce9404fbf0bl-m1663132626od-w480_h360_x2.webp?w=1080&q=75, http://ap.rdcpix.com/201daa6168ad9f80b3392ce9404fbf0bl-m3171059574od-w480_h360_x2.webp?w=1080&q=75, http://ap.rdcpix.com/201daa6168ad9f80b3392ce9404fbf0bl-m1053961451od-w480_h360_x2.webp?w=1080&q=75, http://ap.rdcpix.com/201daa6168ad9f80b3392ce9404fbf0bl-m2082256936od-w480_h360_x2.webp?w=1080&q=75, http://ap.rdcpix.com/201daa6168ad9f80b3392ce9404fbf0bl-m4206739146od-w480_h360_x2.webp?w=1080&q=75, http://ap.rdcpix.com/201daa6168ad9f80b3392ce9404fbf0bl-m3715568356od-w480_h360_x2.webp?w=1080&q=75, http://ap.rdcpix.com/201daa6168ad9f80b3392ce9404fbf0bl-m1338228603od-w480_h360_x2.webp?w=1080&q=75, http://ap.rdcpix.com/201daa6168ad9f80b3392ce9404fbf0bl-m186730754od-w480_h360_x2.webp?w=1080&q=75, http://ap.rdcpix.com/201daa6168ad9f80b3392ce9404fbf0bl-m2304599923od-w480_h360_x2.webp?w=1080&q=75, http://ap.rdcpix.com/201daa6168ad9f80b3392ce9404fbf0bl-m1543489675od-w480_h360_x2.webp?w=1080&q=75, http://ap.rdcpix.com/201daa6168ad9f80b3392ce9404fbf0bl-m2170855803od-w480_h360_x2.webp?w=1080&q=75, http://ap.rdcpix.com/201daa6168ad9f80b3392ce9404fbf0bl-m3996520562od-w480_h360_x2.webp?w=1080&q=75"
https://www.realtor.com/realestateandhomes-detail/2523247147,SEWA,2252142,SOLD,"Welcome to this exquisite 3-bedroom home! Features include tiled bathrooms with radiant heating, a spacious deck, and a finished garage with cabinets for storage. Enjoy the convenience of new appliances, a heat pump for climate control, and a fenced backyard. The sleek kitchen boasts quartz countertops and an island, perfect for gatherings. With its open layout design, this home offers both comfort and elegance. Don't miss out on this incredible opportunity!",SINGLE_FAMILY,2317 E Kincaid St,,Mount Vernon,WA,98274,3,1,,1008,1982,35,519000,2024-06-14,530000,2024-07-19,7405,526,48.417921,-122.31158,,Skagit,53057,1,0,1,,,,Mount Vernon School District,http://ap.rdcpix.com/c367336a9de976ffae980392ef6aac2el-m1887647860od-w480_h360_x2.webp?w=1080&q=75,"http://ap.rdcpix.com/c367336a9de976ffae980392ef6aac2el-m1887647860od-w480_h360_x2.webp?w=1080&q=75, http://ap.rdcpix.com/c367336a9de976ffae980392ef6aac2el-m2413790029od-w480_h360_x2.webp?w=1080&q=75, http://ap.rdcpix.com/c367336a9de976ffae980392ef6aac2el-m2108664563od-w480_h360_x2.webp?w=1080&q=75, http://ap.rdcpix.com/c367336a9de976ffae980392ef6aac2el-m2077390523od-w480_h360_x2.webp?w=1080&q=75, http://ap.rdcpix.com/c367336a9de976ffae980392ef6aac2el-m3962220od-w480_h360_x2.webp?w=1080&q=75, http://ap.rdcpix.com/c367336a9de976ffae980392ef6aac2el-m831021400od-w480_h360_x2.webp?w=1080&q=75, http://ap.rdcpix.com/c367336a9de976ffae980392ef6aac2el-m347818685od-w480_h360_x2.webp?w=1080&q=75, http://ap.rdcpix.com/c367336a9de976ffae980392ef6aac2el-m1596637216od-w480_h360_x2.webp?w=1080&q=75, http://ap.rdcpix.com/c367336a9de976ffae980392ef6aac2el-m3649277518od-w480_h360_x2.webp?w=1080&q=75, http://ap.rdcpix.com/c367336a9de976ffae980392ef6aac2el-m3887282139od-w480_h360_x2.webp?w=1080&q=75, http://ap.rdcpix.com/c367336a9de976ffae980392ef6aac2el-m4281266941od-w480_h360_x2.webp?w=1080&q=75, http://ap.rdcpix.com/c367336a9de976ffae980392ef6aac2el-m2153610228od-w480_h360_x2.webp?w=1080&q=75, http://ap.rdcpix.com/c367336a9de976ffae980392ef6aac2el-m1619643767od-w480_h360_x2.webp?w=1080&q=75, http://ap.rdcpix.com/c367336a9de976ffae980392ef6aac2el-m3920319131od-w480_h360_x2.webp?w=1080&q=75, http://ap.rdcpix.com/c367336a9de976ffae980392ef6aac2el-m3832828176od-w480_h360_x2.webp?w=1080&q=75, http://ap.rdcpix.com/c367336a9de976ffae980392ef6aac2el-m1382464652od-w480_h360_x2.webp?w=1080&q=75, http://ap.rdcpix.com/c367336a9de976ffae980392ef6aac2el-m2019882918od-w480_h360_x2.webp?w=1080&q=75, http://ap.rdcpix.com/c367336a9de976ffae980392ef6aac2el-m2783699420od-w480_h360_x2.webp?w=1080&q=75, http://ap.rdcpix.com/c367336a9de976ffae980392ef6aac2el-m2445396754od-w480_h360_x2.webp?w=1080&q=75, http://ap.rdcpix.com/c367336a9de976ffae980392ef6aac2el-m2653761609od-w480_h360_x2.webp?w=1080&q=75, http://ap.rdcpix.com/c367336a9de976ffae980392ef6aac2el-m1495283820od-w480_h360_x2.webp?w=1080&q=75, http://ap.rdcpix.com/c367336a9de976ffae980392ef6aac2el-m3761933030od-w480_h360_x2.webp?w=1080&q=75, http://ap.rdcpix.com/c367336a9de976ffae980392ef6aac2el-m1819252584od-w480_h360_x2.webp?w=1080&q=75, http://ap.rdcpix.com/c367336a9de976ffae980392ef6aac2el-m3066790117od-w480_h360_x2.webp?w=1080&q=75, http://ap.rdcpix.com/c367336a9de976ffae980392ef6aac2el-m971001811od-w480_h360_x2.webp?w=1080&q=75, http://ap.rdcpix.com/c367336a9de976ffae980392ef6aac2el-m2766084117od-w480_h360_x2.webp?w=1080&q=75"
https://www.realtor.com/realestateandhomes-detail/2849664612,SEWA,2248915,SOLD,"INVESTOR opportunity! Picturesque views of Mt Baker on 5 acres near Big Lake. Looking for a fun project? Bring your tools & imagination, possibilities are endless. The custom built Storybook Style Craftsman is an architectural gem, from original wood floors, bay windows, gabled roof & chef's kitchen w/ island, these are just a few of the many features. Above the attached 2-car garage is a studio apartment complete with kitchenette & 3/4 bath. 2000 + SQFT shop w/ staircase leading up to a loft area & in addition is another detached garage. Enjoy your morning coffee & take in the views from the wrap around porch. Small pond on property, plenty of space for your horses, pets, mini-farm, gardening & more. Short drive to I-5 & all amenities.",SINGLE_FAMILY,16163  Andal Ln,,Mount Vernon,WA,98274,3,1,1,2764,1988,41,750000,2024-06-07,720000,2024-07-18,217800,260,48.412301,-122.26092,,Skagit,53057,2,0,12,,,,Sedro-Woolley School District,http://ap.rdcpix.com/73c12032528417f92600c5619e88507cl-m1619058234od-w480_h360_x2.webp?w=1080&q=75,"http://ap.rdcpix.com/73c12032528417f92600c5619e88507cl-m1619058234od-w480_h360_x2.webp?w=1080&q=75, http://ap.rdcpix.com/73c12032528417f92600c5619e88507cl-m2702217543od-w480_h360_x2.webp?w=1080&q=75, http://ap.rdcpix.com/73c12032528417f92600c5619e88507cl-m2769720163od-w480_h360_x2.webp?w=1080&q=75, http://ap.rdcpix.com/73c12032528417f92600c5619e88507cl-m3617892885od-w480_h360_x2.webp?w=1080&q=75, http://ap.rdcpix.com/73c12032528417f92600c5619e88507cl-m3230016201od-w480_h360_x2.webp?w=1080&q=75, http://ap.rdcpix.com/73c12032528417f92600c5619e88507cl-m1007612157od-w480_h360_x2.webp?w=1080&q=75, http://ap.rdcpix.com/73c12032528417f92600c5619e88507cl-m1377896366od-w480_h360_x2.webp?w=1080&q=75, http://ap.rdcpix.com/73c12032528417f92600c5619e88507cl-m827837761od-w480_h360_x2.webp?w=1080&q=75, http://ap.rdcpix.com/73c12032528417f92600c5619e88507cl-m4247154467od-w480_h360_x2.webp?w=1080&q=75, http://ap.rdcpix.com/73c12032528417f92600c5619e88507cl-m1872123695od-w480_h360_x2.webp?w=1080&q=75, http://ap.rdcpix.com/73c12032528417f92600c5619e88507cl-m1708803796od-w480_h360_x2.webp?w=1080&q=75, http://ap.rdcpix.com/73c12032528417f92600c5619e88507cl-m2373335887od-w480_h360_x2.webp?w=1080&q=75, http://ap.rdcpix.com/73c12032528417f92600c5619e88507cl-m4158567282od-w480_h360_x2.webp?w=1080&q=75, http://ap.rdcpix.com/73c12032528417f92600c5619e88507cl-m4029629760od-w480_h360_x2.webp?w=1080&q=75, http://ap.rdcpix.com/73c12032528417f92600c5619e88507cl-m104456951od-w480_h360_x2.webp?w=1080&q=75, http://ap.rdcpix.com/73c12032528417f92600c5619e88507cl-m3907495914od-w480_h360_x2.webp?w=1080&q=75, http://ap.rdcpix.com/73c12032528417f92600c5619e88507cl-m779189995od-w480_h360_x2.webp?w=1080&q=75, http://ap.rdcpix.com/73c12032528417f92600c5619e88507cl-m1147365520od-w480_h360_x2.webp?w=1080&q=75, http://ap.rdcpix.com/73c12032528417f92600c5619e88507cl-m970976466od-w480_h360_x2.webp?w=1080&q=75, http://ap.rdcpix.com/73c12032528417f92600c5619e88507cl-m412806395od-w480_h360_x2.webp?w=1080&q=75, http://ap.rdcpix.com/73c12032528417f92600c5619e88507cl-m3715972927od-w480_h360_x2.webp?w=1080&q=75, http://ap.rdcpix.com/73c12032528417f92600c5619e88507cl-m3885845475od-w480_h360_x2.webp?w=1080&q=75, http://ap.rdcpix.com/73c12032528417f92600c5619e88507cl-m3907495914od-w480_h360_x2.webp?w=1080&q=75, http://ap.rdcpix.com/73c12032528417f92600c5619e88507cl-m779189995od-w480_h360_x2.webp?w=1080&q=75, http://ap.rdcpix.com/73c12032528417f92600c5619e88507cl-m1147365520od-w480_h360_x2.webp?w=1080&q=75, http://ap.rdcpix.com/73c12032528417f92600c5619e88507cl-m970976466od-w480_h360_x2.webp?w=1080&q=75, http://ap.rdcpix.com/73c12032528417f92600c5619e88507cl-m412806395od-w480_h360_x2.webp?w=1080&q=75, http://ap.rdcpix.com/73c12032528417f92600c5619e88507cl-m3715972927od-w480_h360_x2.webp?w=1080&q=75, http://ap.rdcpix.com/73c12032528417f92600c5619e88507cl-m3885845475od-w480_h360_x2.webp?w=1080&q=75, http://ap.rdcpix.com/73c12032528417f92600c5619e88507cl-m4184628924od-w480_h360_x2.webp?w=1080&q=75, http://ap.rdcpix.com/73c12032528417f92600c5619e88507cl-m1023933932od-w480_h360_x2.webp?w=1080&q=75, http://ap.rdcpix.com/73c12032528417f92600c5619e88507cl-m2294930906od-w480_h360_x2.webp?w=1080&q=75, http://ap.rdcpix.com/73c12032528417f92600c5619e88507cl-m2755940640od-w480_h360_x2.webp?w=1080&q=75, http://ap.rdcpix.com/73c12032528417f92600c5619e88507cl-m3079555634od-w480_h360_x2.webp?w=1080&q=75, http://ap.rdcpix.com/73c12032528417f92600c5619e88507cl-m2439115381od-w480_h360_x2.webp?w=1080&q=75, http://ap.rdcpix.com/73c12032528417f92600c5619e88507cl-m2854179142od-w480_h360_x2.webp?w=1080&q=75, http://ap.rdcpix.com/73c12032528417f92600c5619e88507cl-m2752456231od-w480_h360_x2.webp?w=1080&q=75, http://ap.rdcpix.com/73c12032528417f92600c5619e88507cl-m3424746880od-w480_h360_x2.webp?w=1080&q=75, http://ap.rdcpix.com/73c12032528417f92600c5619e88507cl-m3323129180od-w480_h360_x2.webp?w=1080&q=75, http://ap.rdcpix.com/73c12032528417f92600c5619e88507cl-m3583477402od-w480_h360_x2.webp?w=1080&q=75"
